,imgseq,timestamp,broken,mat
0,car02-frame000001.png,1530124477542315158,True,"[[ 1.  0.  0.  0.]
 [ 0.  1.  0.  0.]
 [ 0.  0.  1.  0.]
 [ 0.  0.  0.  1.]]"
1,car02-frame000002.png,1530124477742102771,False,"[[ 0.99903261 -0.02375933 -0.03700461 -0.98289635]
 [ 0.03733139  0.01346085  0.99921228 -3.66272283]
 [-0.0232425  -0.99962708  0.0143348   0.21169317]
 [ 0.          0.          0.          1.        ]]"
2,car02-frame000003.png,1530124477941982065,False,"[[ 0.9990367  -0.0238444  -0.03683907 -0.98286678]
 [ 0.03715993  0.01315638  0.99922272 -3.66278327]
 [-0.0233412  -0.99962911  0.01402976  0.21168301]
 [ 0.          0.          0.          1.        ]]"
3,car02-frame000004.png,1530124478141765390,False,"[[ 0.99904479 -0.02316525 -0.0370525  -0.98291005]
 [ 0.0373631   0.01312203  0.9992156  -3.66279367]
 [-0.02266088 -0.99964553  0.01397502  0.21166748]
 [ 0.          0.          0.          1.        ]]"
4,car02-frame000005.png,1530124478341771051,False,"[[ 0.99905281 -0.02348975 -0.03662934 -0.98289997]
 [ 0.03694536  0.01316353  0.99923058 -3.66278513]
 [-0.02298951 -0.99963741  0.0140189   0.21167587]
 [ 0.          0.          0.          1.        ]]"
5,car02-frame000006.png,1530124478541615257,False,"[[ 0.9990163  -0.02417067 -0.03717814 -0.9831636 ]
 [ 0.03747935  0.0121302   0.99922378 -3.66285922]
 [-0.02370093 -0.99963425  0.01302417  0.21154271]
 [ 0.          0.          0.          1.        ]]"
6,car02-frame000007.png,1530124478741794117,False,"[[ 0.99903156 -0.02446347 -0.03657162 -0.98319786]
 [ 0.03688363  0.0124269   0.9992423  -3.66293447]
 [-0.02399046 -0.99962348  0.01331717  0.21152687]
 [ 0.          0.          0.          1.        ]]"
7,car02-frame000008.png,1530124478942169139,False,"[[ 0.9990297  -0.02404015 -0.03690172 -0.98314604]
 [ 0.03723361  0.01350722  0.9992153  -3.66294805]
 [-0.02352285 -0.99961974  0.01438922  0.21158323]
 [ 0.          0.          0.          1.        ]]"
8,car02-frame000009.png,1530124479142031777,False,"[[ 0.99901629 -0.02460753 -0.03689067 -0.98312373]
 [ 0.03720686  0.01251742  0.99922918 -3.66291228]
 [-0.02412679 -0.99961882  0.01342068  0.21155085]
 [ 0.          0.          0.          1.        ]]"
9,car02-frame000010.png,1530124479341765793,False,"[[ 0.99902584 -0.02448472 -0.03671337 -0.98301295]
 [ 0.03705101  0.01348135  0.99922244 -3.66284201]
 [-0.02397074 -0.9996093   0.0143754   0.2116579 ]
 [ 0.          0.          0.          1.        ]]"
10,car02-frame000011.png,1530124479541709223,False,"[[ 0.99903378 -0.02452346 -0.03647076 -0.98303138]
 [ 0.03681785  0.01385397  0.99922596 -3.66289502]
 [-0.02399921 -0.99960326  0.01474348  0.21156498]
 [ 0.          0.          0.          1.        ]]"
11,car02-frame000012.png,1530124479741720771,False,"[[ 0.99903184 -0.02473832 -0.03637846 -0.98311103]
 [ 0.03675226  0.01482719  0.9992144  -3.66241016]
 [-0.0241795  -0.999584    0.01572203  0.21168636]
 [ 0.          0.          0.          1.        ]]"
12,car02-frame000013.png,1530124479941851342,False,"[[ 0.99910014 -0.01849587 -0.0381683  -0.98236243]
 [ 0.03849712  0.01776054  0.99910086 -3.66079621]
 [-0.01780135 -0.99967118  0.01845659  0.21038294]
 [ 0.          0.          0.          1.        ]]"
13,car02-frame000014.png,1530124480141450552,False,"[[ 0.99901634 -0.0249997  -0.03662455 -0.98306722]
 [ 0.03703306  0.01607792  0.99918469 -3.66150652]
 [-0.02439048 -0.99955816  0.01698792  0.21157854]
 [ 0.          0.          0.          1.        ]]"
14,car02-frame000015.png,1530124480342011386,False,"[[ 0.99905114 -0.0175858  -0.03984415 -0.98234737]
 [ 0.04021805  0.0214459   0.99896075 -3.66003491]
 [-0.01671303 -0.99961533  0.02213282  0.21048322]
 [ 0.          0.          0.          1.        ]]"
15,car02-frame000016.png,1530124480542049963,False,"[[ 0.99905351 -0.02469867 -0.03580578 -0.98349564]
 [ 0.03610357  0.01171849  0.99927934 -3.64910573]
 [-0.02426128 -0.99962626  0.01259911  0.21117906]
 [ 0.          0.          0.          1.        ]]"
16,car02-frame000017.png,1530124480741910619,False,"[[ 0.9991354  -0.01695486 -0.03796034 -0.98337504]
 [ 0.03827816  0.01883117  0.99908967 -3.62685934]
 [-0.01622459 -0.99967891  0.01946389  0.2103722 ]
 [ 0.          0.          0.          1.        ]]"
17,car02-frame000018.png,1530124480941811290,False,"[[ 0.99932167 -0.01823104 -0.03199724 -0.98537999]
 [ 0.032402    0.02235647  0.99922485 -3.58368161]
 [-0.01750157 -0.99958382  0.02293203  0.20990496]
 [ 0.          0.          0.          1.        ]]"
18,car02-frame000019.png,1530124481141737631,False,"[[ 0.99925512 -0.0174234  -0.03443298 -0.98636103]
 [ 0.03482091  0.02247457  0.99914083 -3.52300304]
 [-0.01663456 -0.99959558  0.02306453  0.20980369]
 [ 0.          0.          0.          1.        ]]"
19,car02-frame000020.png,1530124481341751765,False,"[[ 0.99925806 -0.02066048 -0.03250355 -0.98788301]
 [ 0.03296523  0.02241266  0.99920517 -3.45671628]
 [-0.01991556 -0.9995353   0.02307711  0.20994932]
 [ 0.          0.          0.          1.        ]]"
20,car02-frame000021.png,1530124481541628047,False,"[[ 0.99925784 -0.02351129 -0.03051203 -0.98911526]
 [ 0.03107289  0.02387066  0.99923204 -3.39223556]
 [-0.02276489 -0.99943855  0.02458351  0.20976143]
 [ 0.          0.          0.          1.        ]]"
21,car02-frame000022.png,1530124481741643411,False,"[[ 0.99868428 -0.03110144 -0.04077257 -0.99150699]
 [ 0.04180263  0.03322096  0.99857344 -3.32629967]
 [-0.02970257 -0.998964    0.03447738  0.20828393]
 [ 0.          0.          0.          1.        ]]"
22,car02-frame000023.png,1530124481941503075,False,"[[ 0.99877892 -0.02508342 -0.04256159 -0.99315368]
 [ 0.04339556  0.03369824  0.99848949 -3.26262752]
 [-0.02361128 -0.99911724  0.0347456   0.20929364]
 [ 0.          0.          0.          1.        ]]"
23,car02-frame000024.png,1530124482141535506,False,"[[ 0.9991497  -0.02647928 -0.03160253 -0.99507738]
 [ 0.0328796   0.04926896  0.99824421 -3.20180652]
 [-0.02487576 -0.99843448  0.0500977   0.20906031]
 [ 0.          0.          0.          1.        ]]"
24,car02-frame000025.png,1530124482342100549,False,"[[ 0.99898915 -0.02996161 -0.03351084 -0.99548105]
 [ 0.03490422  0.04725999  0.9982726  -3.14600633]
 [-0.02832614 -0.99843317  0.048258    0.20910916]
 [ 0.          0.          0.          1.        ]]"
25,car02-frame000026.png,1530124482541980065,False,"[[ 0.99886219 -0.02969361 -0.03731783 -0.99540357]
 [ 0.03850504  0.04046889  0.9984386  -3.09115141]
 [-0.02813703 -0.99873948  0.0415662   0.20943331]
 [ 0.          0.          0.          1.        ]]"
26,car02-frame000027.png,1530124482741920271,False,"[[ 0.99895479 -0.02571447 -0.03779024 -0.99594552]
 [ 0.03870948  0.03624227  0.99859305 -3.03800897]
 [-0.02430869 -0.99901214  0.03719978  0.20914337]
 [ 0.          0.          0.          1.        ]]"
27,car02-frame000028.png,1530124482941937518,False,"[[ 0.99894502 -0.02995092 -0.03481067 -0.99768549]
 [ 0.03585887  0.03520255  0.99873666 -2.981676  ]
 [-0.02868766 -0.99893129  0.03623942  0.20852063]
 [ 0.          0.          0.          1.        ]]"
28,car02-frame000029.png,1530124483141964883,False,"[[ 0.99927919 -0.02193729 -0.03098156 -0.99891698]
 [ 0.03153919  0.02554658  0.99917599 -2.92466398]
 [-0.02112775 -0.9994329   0.02622005  0.20924861]
 [ 0.          0.          0.          1.        ]]"
29,car02-frame000030.png,1530124483341916533,False,"[[ 0.99936068 -0.01980912 -0.02976297 -0.99927652]
 [ 0.03029954  0.02736163  0.99916629 -2.86632913]
 [-0.01897824 -0.99942931  0.02794434  0.2092144 ]
 [ 0.          0.          0.          1.        ]]"
30,car02-frame000031.png,1530124483541977662,False,"[[ 0.99937771 -0.0204307  -0.02875387 -0.99972223]
 [ 0.02929539  0.02671941  0.99921362 -2.80274882]
 [-0.01964635 -0.99943417  0.02730131  0.20973686]
 [ 0.          0.          0.          1.        ]]"
31,car02-frame000032.png,1530124483741916054,False,"[[ 0.9993565  -0.02249015 -0.02794229 -1.00020565]
 [ 0.0285292   0.02621254  0.99924921 -2.73268954]
 [-0.02174082 -0.99940337  0.0268373   0.20965416]
 [ 0.          0.          0.          1.        ]]"
32,car02-frame000033.png,1530124483942240886,False,"[[ 0.99944769 -0.02024269 -0.02635438 -1.00102466]
 [ 0.02689379  0.02685427  0.99927753 -2.65748405]
 [-0.01952034 -0.99943438  0.02738384  0.20923834]
 [ 0.          0.          0.          1.        ]]"
33,car02-frame000034.png,1530124484142044707,False,"[[ 0.99953924 -0.01878875 -0.02383882 -1.00171926]
 [ 0.02435277  0.02761755  0.99932188 -2.57691562]
 [-0.01811764 -0.99944197  0.02806238  0.20959785]
 [ 0.          0.          0.          1.        ]]"
34,car02-frame000035.png,1530124484341845381,False,"[[ 0.99953813 -0.02031202 -0.0226041  -1.00161509]
 [ 0.02304796  0.02189036  0.99949467 -2.49582705]
 [-0.01980694 -0.99955402  0.0223484   0.20954846]
 [ 0.          0.          0.          1.        ]]"
35,car02-frame000036.png,1530124484541694405,False,"[[ 0.99956847 -0.02243005 -0.0189675  -1.00156826]
 [ 0.01950041  0.02378379  0.99952692 -2.4108485 ]
 [-0.02196832 -0.99946547  0.02421092  0.20937183]
 [ 0.          0.          0.          1.        ]]"
36,car02-frame000037.png,1530124484741543139,False,"[[ 0.99955315 -0.01857844 -0.02341652 -1.00266049]
 [ 0.02395032  0.0290495   0.999291   -2.32275985]
 [-0.01788503 -0.99940531  0.02948148  0.20926331]
 [ 0.          0.          0.          1.        ]]"
37,car02-frame000038.png,1530124484941953742,False,"[[ 0.9998878  -0.01194981 -0.00903222 -1.0022274 ]
 [ 0.00921021  0.01492456  0.9998462  -2.23913866]
 [-0.01181317 -0.99981721  0.01503294  0.2095076 ]
 [ 0.          0.          0.          1.        ]]"
38,car02-frame000039.png,1530124485141898594,False,"[[ 0.99974207 -0.02100655 -0.00863298 -1.00077724]
 [ 0.00898207  0.01658097  0.99982218 -2.15879185]
 [-0.02085967 -0.99964183  0.01676537  0.20856421]
 [ 0.          0.          0.          1.        ]]"
39,car02-frame000040.png,1530124485341886491,False,"[[ 0.99981155 -0.01613191 -0.01079892 -1.00081254]
 [ 0.01116895  0.02302655  0.99967246 -2.07624743]
 [-0.01587796 -0.99960469  0.02320239  0.20811405]
 [ 0.          0.          0.          1.        ]]"
40,car02-frame000041.png,1530124485541809953,False,"[[ 0.99983618 -0.01653154 -0.0073703  -1.00053441]
 [ 0.00773477  0.02209237  0.99972601 -1.99681452]
 [-0.01636418 -0.99961925  0.02221662  0.20784838]
 [ 0.          0.          0.          1.        ]]"
41,car02-frame000042.png,1530124485742208441,False,"[[ 0.9996685  -0.01572693 -0.02038491 -1.00426009]
 [ 0.02075672  0.02385241  0.99949999 -1.91991507]
 [-0.01523284 -0.99959178  0.02417094  0.20775806]
 [ 0.          0.          0.          1.        ]]"
42,car02-frame000043.png,1530124485941827444,False,"[[ 0.99890037 -0.01629753 -0.04395962 -1.01181149]
 [ 0.04423595  0.01700141  0.99887644 -1.84858458]
 [-0.01553185 -0.99972263  0.01770365  0.20779905]
 [ 0.          0.          0.          1.        ]]"
43,car02-frame000044.png,1530124486142039394,False,"[[ 0.99878057 -0.01441894 -0.04721728 -1.01469776]
 [ 0.0475596   0.02440072  0.99857032 -1.78112395]
 [-0.01324619 -0.99959827  0.02505672  0.2080798 ]
 [ 0.          0.          0.          1.        ]]"
44,car02-frame000045.png,1530124486342139339,False,"[[ 0.99875095 -0.01652476 -0.0471536  -1.01787133]
 [ 0.04757942  0.02639903  0.99851855 -1.71388101]
 [-0.01525547 -0.99951489  0.0271523   0.20745677]
 [ 0.          0.          0.          1.        ]]"
45,car02-frame000046.png,1530124486541867619,False,"[[ 0.99889553 -0.01536438 -0.04440323 -1.02021261]
 [ 0.0447844   0.02542401  0.99867311 -1.65212993]
 [-0.01421509 -0.99955868  0.02608401  0.20727995]
 [ 0.          0.          0.          1.        ]]"
46,car02-frame000047.png,1530124486741687130,False,"[[ 0.99896881 -0.01085771 -0.04408432 -1.02257178]
 [ 0.04433683  0.02423144  0.99872273 -1.59041032]
 [-0.00977562 -0.99964741  0.02468785  0.20702112]
 [ 0.          0.          0.          1.        ]]"
47,car02-frame000048.png,1530124486942009321,False,"[[ 0.99952847 -0.012659   -0.02797466 -1.01888398]
 [ 0.02830563  0.02676907  0.99924082 -1.53501404]
 [-0.01190053 -0.99956149  0.02711476  0.20707385]
 [ 0.          0.          0.          1.        ]]"
48,car02-frame000049.png,1530124487142485774,False,"[[ 0.99967844 -0.01485225 -0.02055294 -1.01783238]
 [ 0.02089375  0.02316805  0.99951323 -1.48390557]
 [-0.01436885 -0.99962125  0.02347092  0.20707092]
 [ 0.          0.          0.          1.        ]]"
49,car02-frame000050.png,1530124487342186610,False,"[[ 0.99977557 -0.01699404 -0.01264947 -1.0163053 ]
 [ 0.01310048  0.02669565  0.99955776 -1.435834  ]
 [-0.01664884 -0.99949915  0.02691228  0.20700214]
 [ 0.          0.          0.          1.        ]]"
50,car02-frame000051.png,1530124487541871757,False,"[[ 0.99987234 -0.01550635 -0.00385549 -1.01398564]
 [ 0.00427248  0.02694899  0.99962768 -1.38876682]
 [-0.01539667 -0.99951654  0.0270118   0.20687292]
 [ 0.          0.          0.          1.        ]]"
51,car02-frame000052.png,1530124487741570453,False,"[[  9.99913789e-01  -1.31087110e-02  -7.59178463e-04  -1.01267265e+00]
 [  1.05533617e-03   2.26003192e-02   9.99744023e-01  -1.34047697e+00]
 [ -1.30881978e-02  -9.99658635e-01   2.26122049e-02   2.07256256e-01]
 [  0.00000000e+00   0.00000000e+00   0.00000000e+00   1.00000000e+00]]"
52,car02-frame000053.png,1530124487941646801,False,"[[ 0.99991574 -0.01172259  0.00557544 -1.01071188]
 [-0.00533655  0.02031187  0.99977945 -1.28424514]
 [-0.01183325 -0.99972497  0.0202476   0.2073923 ]
 [ 0.          0.          0.          1.        ]]"
53,car02-frame000054.png,1530124488142014157,False,"[[ 0.99982305 -0.01418376  0.01235695 -1.00797706]
 [-0.01209359  0.0185052   0.99975562 -1.22002972]
 [-0.01440896 -0.99972815  0.0183304   0.20704946]
 [ 0.          0.          0.          1.        ]]"
54,car02-frame000055.png,1530124488341927165,False,"[[ 0.99984714 -0.01279507  0.01191551 -1.00570455]
 [-0.01161248  0.02350258  0.99965633 -1.15629174]
 [-0.01307072 -0.99964189  0.0233504   0.20717329]
 [ 0.          0.          0.          1.        ]]"
55,car02-frame000056.png,1530124488541968863,False,"[[ 0.99979859 -0.01388873  0.01448703 -1.00427215]
 [-0.0141233   0.02593831  0.99956377 -1.09220721]
 [-0.01425844 -0.99956706  0.02573693  0.20659906]
 [ 0.          0.          0.          1.        ]]"
56,car02-frame000057.png,1530124488741803992,False,"[[ 0.9997984  -0.00813737  0.01835612 -1.00174285]
 [-0.0181314   0.02687941  0.99947424 -1.02674056]
 [-0.00862649 -0.99960556  0.02672645  0.20624463]
 [ 0.          0.          0.          1.        ]]"
57,car02-frame000058.png,1530124488941634843,False,"[[ 0.99955952 -0.0102444   0.02785354 -0.99701128]
 [-0.02767991  0.01671664  0.99947705 -0.96146298]
 [-0.01070466 -0.99980778  0.01642571  0.20634894]
 [ 0.          0.          0.          1.        ]]"
58,car02-frame000059.png,1530124489141776920,False,"[[ 0.99891632 -0.01039772  0.04536602 -0.99017115]
 [-0.04513957  0.02106738  0.99875852 -0.89866848]
 [-0.01134056 -0.99972399  0.0205752   0.20655281]
 [ 0.          0.          0.          1.        ]]"
59,car02-frame000060.png,1530124489341883389,False,"[[ 0.9986617  -0.01291476  0.05008002 -0.98443884]
 [-0.049916    0.0127246   0.99867236 -0.83570552]
 [-0.01353486 -0.99983563  0.01206292  0.20661632]
 [ 0.          0.          0.          1.        ]]"
60,car02-frame000061.png,1530124489541775110,False,"[[ 0.99879634 -0.01477208  0.04677232 -0.98202903]
 [-0.0465877   0.01260431  0.99883468 -0.77549275]
 [-0.0153444  -0.99981144  0.01190094  0.20496844]
 [ 0.          0.          0.          1.        ]]"
61,car02-frame000062.png,1530124489741762345,False,"[[ 0.99946171 -0.00915185  0.03150464 -0.98365294]
 [-0.03131166  0.02051526  0.99929911 -0.70977681]
 [-0.00979176 -0.99974765  0.02021766  0.20532799]
 [ 0.          0.          0.          1.        ]]"
62,car02-frame000063.png,1530124489941584585,False,"[[ 0.99974076 -0.01222172  0.0192106  -0.98397275]
 [-0.01909346  0.00962972  0.99977133 -0.64654854]
 [-0.01240392 -0.99987894  0.00939387  0.20422148]
 [ 0.          0.          0.          1.        ]]"
63,car02-frame000064.png,1530124490141754782,False,"[[ 0.99993893 -0.00916126  0.00618141 -0.98601738]
 [-0.00607856  0.01121223  0.99991867 -0.58505507]
 [-0.00922982 -0.99989517  0.01115585  0.20490198]
 [ 0.          0.          0.          1.        ]]"
64,car02-frame000065.png,1530124490341669820,False,"[[ 0.99994585 -0.01027467 -0.00165417 -0.98664559]
 [ 0.00184551  0.01864131  0.99982453 -0.52604049]
 [-0.01024203 -0.99977344  0.01865926  0.20441586]
 [ 0.          0.          0.          1.        ]]"
65,car02-frame000066.png,1530124490541446503,False,"[[  9.99914047e-01  -1.30995331e-02   5.49295682e-04  -9.85330516e-01]
 [ -2.76606048e-04   2.08094778e-02   9.99783421e-01  -4.68233507e-01]
 [ -1.31081266e-02  -9.99697638e-01   2.08040658e-02   2.04716264e-01]
 [  0.00000000e+00   0.00000000e+00   0.00000000e+00   1.00000000e+00]]"
66,car02-frame000067.png,1530124490741831208,False,"[[ 0.99992842 -0.01180848 -0.00192907 -0.98509181]
 [ 0.00211835  0.01603748  0.99986915 -0.40805171]
 [-0.01177599 -0.99980166  0.01606134  0.20433423]
 [ 0.          0.          0.          1.        ]]"
67,car02-frame000068.png,1530124490942176042,False,"[[ 0.99995569 -0.00910663  0.00238452 -0.98437872]
 [-0.00223414  0.01648769  0.99986157 -0.34850757]
 [-0.00914469 -0.9998226   0.01646661  0.20391366]
 [ 0.          0.          0.          1.        ]]"
68,car02-frame000069.png,1530124491141695371,False,"[[ 0.99987776 -0.00827853  0.0132639  -0.98145066]
 [-0.01310394  0.01908629  0.99973196 -0.29056082]
 [-0.00852947 -0.99978357  0.01897547  0.20403878]
 [ 0.          0.          0.          1.        ]]"
69,car02-frame000070.png,1530124491341703429,True,"[[ 1.  0.  0.  0.]
 [ 0.  1.  0.  0.]
 [ 0.  0.  1.  0.]
 [ 0.  0.  0.  1.]]"
70,car02-frame000071.png,1530124491541893898,False,"[[ 0.99890569 -0.01263472  0.04503106 -0.96863279]
 [-0.04482111  0.01643497  0.99885983 -0.18291911]
 [-0.0133604  -0.9997851   0.01585068  0.2050899 ]
 [ 0.          0.          0.          1.        ]]"
71,car02-frame000072.png,1530124491741888080,True,"[[ 1.  0.  0.  0.]
 [ 0.  1.  0.  0.]
 [ 0.  0.  1.  0.]
 [ 0.  0.  0.  1.]]"
72,car02-frame000073.png,1530124491942233985,True,"[[ 1.  0.  0.  0.]
 [ 0.  1.  0.  0.]
 [ 0.  0.  1.  0.]
 [ 0.  0.  0.  1.]]"
73,car02-frame000074.png,1530124492142103649,True,"[[ 1.  0.  0.  0.]
 [ 0.  1.  0.  0.]
 [ 0.  0.  1.  0.]
 [ 0.  0.  0.  1.]]"
74,car02-frame000075.png,1530124492341439998,True,"[[ 1.  0.  0.  0.]
 [ 0.  1.  0.  0.]
 [ 0.  0.  1.  0.]
 [ 0.  0.  0.  1.]]"
75,car02-frame000076.png,1530124492541443481,True,"[[ 1.  0.  0.  0.]
 [ 0.  1.  0.  0.]
 [ 0.  0.  1.  0.]
 [ 0.  0.  0.  1.]]"
76,car02-frame000077.png,1530124492741779723,True,"[[ 1.  0.  0.  0.]
 [ 0.  1.  0.  0.]
 [ 0.  0.  1.  0.]
 [ 0.  0.  0.  1.]]"
77,car02-frame000078.png,1530124492941551762,True,"[[ 1.  0.  0.  0.]
 [ 0.  1.  0.  0.]
 [ 0.  0.  1.  0.]
 [ 0.  0.  0.  1.]]"
78,car02-frame000079.png,1530124493141467842,True,"[[ 1.  0.  0.  0.]
 [ 0.  1.  0.  0.]
 [ 0.  0.  1.  0.]
 [ 0.  0.  0.  1.]]"
79,car02-frame000080.png,1530124493341506449,True,"[[ 1.  0.  0.  0.]
 [ 0.  1.  0.  0.]
 [ 0.  0.  1.  0.]
 [ 0.  0.  0.  1.]]"
80,car02-frame000081.png,1530124493541696485,True,"[[ 1.  0.  0.  0.]
 [ 0.  1.  0.  0.]
 [ 0.  0.  1.  0.]
 [ 0.  0.  0.  1.]]"
81,car02-frame000082.png,1530124493742144878,True,"[[ 1.  0.  0.  0.]
 [ 0.  1.  0.  0.]
 [ 0.  0.  1.  0.]
 [ 0.  0.  0.  1.]]"
82,car02-frame000083.png,1530124493941563777,True,"[[ 1.  0.  0.  0.]
 [ 0.  1.  0.  0.]
 [ 0.  0.  1.  0.]
 [ 0.  0.  0.  1.]]"
83,car02-frame000084.png,1530124494141683588,True,"[[ 1.  0.  0.  0.]
 [ 0.  1.  0.  0.]
 [ 0.  0.  1.  0.]
 [ 0.  0.  0.  1.]]"
84,car02-frame000085.png,1530124494341744381,True,"[[ 1.  0.  0.  0.]
 [ 0.  1.  0.  0.]
 [ 0.  0.  1.  0.]
 [ 0.  0.  0.  1.]]"
85,car02-frame000086.png,1530124494541626946,True,"[[ 1.  0.  0.  0.]
 [ 0.  1.  0.  0.]
 [ 0.  0.  1.  0.]
 [ 0.  0.  0.  1.]]"
86,car02-frame000087.png,1530124494742177469,True,"[[ 1.  0.  0.  0.]
 [ 0.  1.  0.  0.]
 [ 0.  0.  1.  0.]
 [ 0.  0.  0.  1.]]"
87,car02-frame000088.png,1530124494941602947,True,"[[ 1.  0.  0.  0.]
 [ 0.  1.  0.  0.]
 [ 0.  0.  1.  0.]
 [ 0.  0.  0.  1.]]"
88,car02-frame000089.png,1530124495142310317,True,"[[ 1.  0.  0.  0.]
 [ 0.  1.  0.  0.]
 [ 0.  0.  1.  0.]
 [ 0.  0.  0.  1.]]"
89,car02-frame000090.png,1530124495341738948,True,"[[ 1.  0.  0.  0.]
 [ 0.  1.  0.  0.]
 [ 0.  0.  1.  0.]
 [ 0.  0.  0.  1.]]"
90,car02-frame000091.png,1530124495541988998,True,"[[ 1.  0.  0.  0.]
 [ 0.  1.  0.  0.]
 [ 0.  0.  1.  0.]
 [ 0.  0.  0.  1.]]"
91,car02-frame000092.png,1530124495742210499,True,"[[ 1.  0.  0.  0.]
 [ 0.  1.  0.  0.]
 [ 0.  0.  1.  0.]
 [ 0.  0.  0.  1.]]"
92,car02-frame000093.png,1530124495941972843,True,"[[ 1.  0.  0.  0.]
 [ 0.  1.  0.  0.]
 [ 0.  0.  1.  0.]
 [ 0.  0.  0.  1.]]"
93,car02-frame000094.png,1530124496141760295,True,"[[ 1.  0.  0.  0.]
 [ 0.  1.  0.  0.]
 [ 0.  0.  1.  0.]
 [ 0.  0.  0.  1.]]"
94,car02-frame000095.png,1530124496341967179,True,"[[ 1.  0.  0.  0.]
 [ 0.  1.  0.  0.]
 [ 0.  0.  1.  0.]
 [ 0.  0.  0.  1.]]"
95,car02-frame000096.png,1530124496541569091,True,"[[ 1.  0.  0.  0.]
 [ 0.  1.  0.  0.]
 [ 0.  0.  1.  0.]
 [ 0.  0.  0.  1.]]"
96,car02-frame000097.png,1530124496742239700,True,"[[ 1.  0.  0.  0.]
 [ 0.  1.  0.  0.]
 [ 0.  0.  1.  0.]
 [ 0.  0.  0.  1.]]"
97,car02-frame000098.png,1530124496941958765,True,"[[ 1.  0.  0.  0.]
 [ 0.  1.  0.  0.]
 [ 0.  0.  1.  0.]
 [ 0.  0.  0.  1.]]"
98,car02-frame000099.png,1530124497141405957,True,"[[ 1.  0.  0.  0.]
 [ 0.  1.  0.  0.]
 [ 0.  0.  1.  0.]
 [ 0.  0.  0.  1.]]"
99,car02-frame000100.png,1530124497341393009,True,"[[ 1.  0.  0.  0.]
 [ 0.  1.  0.  0.]
 [ 0.  0.  1.  0.]
 [ 0.  0.  0.  1.]]"
100,car02-frame000101.png,1530124497541651200,True,"[[ 1.  0.  0.  0.]
 [ 0.  1.  0.  0.]
 [ 0.  0.  1.  0.]
 [ 0.  0.  0.  1.]]"
101,car02-frame000102.png,1530124497742181347,True,"[[ 1.  0.  0.  0.]
 [ 0.  1.  0.  0.]
 [ 0.  0.  1.  0.]
 [ 0.  0.  0.  1.]]"
102,car02-frame000103.png,1530124497941961753,True,"[[ 1.  0.  0.  0.]
 [ 0.  1.  0.  0.]
 [ 0.  0.  1.  0.]
 [ 0.  0.  0.  1.]]"
103,car02-frame000104.png,1530124498141520754,True,"[[ 1.  0.  0.  0.]
 [ 0.  1.  0.  0.]
 [ 0.  0.  1.  0.]
 [ 0.  0.  0.  1.]]"
104,car02-frame000105.png,1530124498341081420,True,"[[ 1.  0.  0.  0.]
 [ 0.  1.  0.  0.]
 [ 0.  0.  1.  0.]
 [ 0.  0.  0.  1.]]"
105,car02-frame000106.png,1530124498540852682,True,"[[ 1.  0.  0.  0.]
 [ 0.  1.  0.  0.]
 [ 0.  0.  1.  0.]
 [ 0.  0.  0.  1.]]"
106,car02-frame000107.png,1530124498740265311,True,"[[ 1.  0.  0.  0.]
 [ 0.  1.  0.  0.]
 [ 0.  0.  1.  0.]
 [ 0.  0.  0.  1.]]"
107,car02-frame000108.png,1530124498939843851,True,"[[ 1.  0.  0.  0.]
 [ 0.  1.  0.  0.]
 [ 0.  0.  1.  0.]
 [ 0.  0.  0.  1.]]"
108,car02-frame000109.png,1530124499139673149,True,"[[ 1.  0.  0.  0.]
 [ 0.  1.  0.  0.]
 [ 0.  0.  1.  0.]
 [ 0.  0.  0.  1.]]"
109,car02-frame000110.png,1530124499339057481,True,"[[ 1.  0.  0.  0.]
 [ 0.  1.  0.  0.]
 [ 0.  0.  1.  0.]
 [ 0.  0.  0.  1.]]"
110,car02-frame000111.png,1530124499538648395,False,"[[-0.00972311  0.02778049  0.99956676  0.97139558]
 [-0.99994308  0.00412093 -0.00984131  0.96299354]
 [-0.00439254 -0.99960555  0.02773884  0.20216306]
 [ 0.          0.          0.          1.        ]]"
111,car02-frame000112.png,1530124499738848478,True,"[[ 1.  0.  0.  0.]
 [ 0.  1.  0.  0.]
 [ 0.  0.  1.  0.]
 [ 0.  0.  0.  1.]]"
112,car02-frame000113.png,1530124499938217693,True,"[[ 1.  0.  0.  0.]
 [ 0.  1.  0.  0.]
 [ 0.  0.  1.  0.]
 [ 0.  0.  0.  1.]]"
113,car02-frame000114.png,1530124500138328768,True,"[[ 1.  0.  0.  0.]
 [ 0.  1.  0.  0.]
 [ 0.  0.  1.  0.]
 [ 0.  0.  0.  1.]]"
114,car02-frame000115.png,1530124500337663416,True,"[[ 1.  0.  0.  0.]
 [ 0.  1.  0.  0.]
 [ 0.  0.  1.  0.]
 [ 0.  0.  0.  1.]]"
115,car02-frame000116.png,1530124500537515953,False,"[[-0.03530407  0.01917632  0.99919262  1.23826915]
 [-0.99935971  0.00513823 -0.03540859  0.94423117]
 [-0.00581308 -0.99980291  0.01898264  0.19952515]
 [ 0.          0.          0.          1.        ]]"
116,car02-frame000117.png,1530124500737719240,True,"[[ 1.  0.  0.  0.]
 [ 0.  1.  0.  0.]
 [ 0.  0.  1.  0.]
 [ 0.  0.  0.  1.]]"
117,car02-frame000118.png,1530124500937679075,False,"[[-0.0333898   0.00770873  0.99941268  1.35273473]
 [-0.99942871  0.00497667 -0.03342872  0.94065054]
 [-0.00523144 -0.9999579   0.00753816  0.19780394]
 [ 0.          0.          0.          1.        ]]"
118,car02-frame000119.png,1530124501137231746,True,"[[ 1.  0.  0.  0.]
 [ 0.  1.  0.  0.]
 [ 0.  0.  1.  0.]
 [ 0.  0.  0.  1.]]"
119,car02-frame000120.png,1530124501337433485,True,"[[ 1.  0.  0.  0.]
 [ 0.  1.  0.  0.]
 [ 0.  0.  1.  0.]
 [ 0.  0.  0.  1.]]"
120,car02-frame000121.png,1530124501537090697,True,"[[ 1.  0.  0.  0.]
 [ 0.  1.  0.  0.]
 [ 0.  0.  1.  0.]
 [ 0.  0.  0.  1.]]"
121,car02-frame000122.png,1530124501737183154,True,"[[ 1.  0.  0.  0.]
 [ 0.  1.  0.  0.]
 [ 0.  0.  1.  0.]
 [ 0.  0.  0.  1.]]"
122,car02-frame000123.png,1530124501937039181,True,"[[ 1.  0.  0.  0.]
 [ 0.  1.  0.  0.]
 [ 0.  0.  1.  0.]
 [ 0.  0.  0.  1.]]"
123,car02-frame000124.png,1530124502137022618,True,"[[ 1.  0.  0.  0.]
 [ 0.  1.  0.  0.]
 [ 0.  0.  1.  0.]
 [ 0.  0.  0.  1.]]"
124,car02-frame000125.png,1530124502336982240,True,"[[ 1.  0.  0.  0.]
 [ 0.  1.  0.  0.]
 [ 0.  0.  1.  0.]
 [ 0.  0.  0.  1.]]"
125,car02-frame000126.png,1530124502537100459,True,"[[ 1.  0.  0.  0.]
 [ 0.  1.  0.  0.]
 [ 0.  0.  1.  0.]
 [ 0.  0.  0.  1.]]"
126,car02-frame000127.png,1530124502737164348,True,"[[ 1.  0.  0.  0.]
 [ 0.  1.  0.  0.]
 [ 0.  0.  1.  0.]
 [ 0.  0.  0.  1.]]"
127,car02-frame000128.png,1530124502937377640,True,"[[ 1.  0.  0.  0.]
 [ 0.  1.  0.  0.]
 [ 0.  0.  1.  0.]
 [ 0.  0.  0.  1.]]"
128,car02-frame000129.png,1530124503137043968,True,"[[ 1.  0.  0.  0.]
 [ 0.  1.  0.  0.]
 [ 0.  0.  1.  0.]
 [ 0.  0.  0.  1.]]"
129,car02-frame000130.png,1530124503337354301,True,"[[ 1.  0.  0.  0.]
 [ 0.  1.  0.  0.]
 [ 0.  0.  1.  0.]
 [ 0.  0.  0.  1.]]"
130,car02-frame000131.png,1530124503536984431,True,"[[ 1.  0.  0.  0.]
 [ 0.  1.  0.  0.]
 [ 0.  0.  1.  0.]
 [ 0.  0.  0.  1.]]"
131,car02-frame000132.png,1530124503736954128,True,"[[ 1.  0.  0.  0.]
 [ 0.  1.  0.  0.]
 [ 0.  0.  1.  0.]
 [ 0.  0.  0.  1.]]"
132,car02-frame000133.png,1530124503937191691,True,"[[ 1.  0.  0.  0.]
 [ 0.  1.  0.  0.]
 [ 0.  0.  1.  0.]
 [ 0.  0.  0.  1.]]"
133,car02-frame000134.png,1530124504137218719,True,"[[ 1.  0.  0.  0.]
 [ 0.  1.  0.  0.]
 [ 0.  0.  1.  0.]
 [ 0.  0.  0.  1.]]"
134,car02-frame000135.png,1530124504336970267,False,"[[-0.36318305  0.00949656  0.93166941  2.39927021]
 [-0.93153136  0.01630267 -0.3632954   0.67758583]
 [-0.01863875 -0.999822    0.00292549  0.19193247]
 [ 0.          0.          0.          1.        ]]"
135,car02-frame000136.png,1530124504537079157,True,"[[ 1.  0.  0.  0.]
 [ 0.  1.  0.  0.]
 [ 0.  0.  1.  0.]
 [ 0.  0.  0.  1.]]"
136,car02-frame000137.png,1530124504737527751,True,"[[ 1.  0.  0.  0.]
 [ 0.  1.  0.  0.]
 [ 0.  0.  1.  0.]
 [ 0.  0.  0.  1.]]"
137,car02-frame000138.png,1530124504938221553,True,"[[ 1.  0.  0.  0.]
 [ 0.  1.  0.  0.]
 [ 0.  0.  1.  0.]
 [ 0.  0.  0.  1.]]"
138,car02-frame000139.png,1530124505138352186,True,"[[ 1.  0.  0.  0.]
 [ 0.  1.  0.  0.]
 [ 0.  0.  1.  0.]
 [ 0.  0.  0.  1.]]"
139,car02-frame000140.png,1530124505338769799,True,"[[ 1.  0.  0.  0.]
 [ 0.  1.  0.  0.]
 [ 0.  0.  1.  0.]
 [ 0.  0.  0.  1.]]"
140,car02-frame000141.png,1530124505538835903,True,"[[ 1.  0.  0.  0.]
 [ 0.  1.  0.  0.]
 [ 0.  0.  1.  0.]
 [ 0.  0.  0.  1.]]"
141,car02-frame000142.png,1530124505738983831,True,"[[ 1.  0.  0.  0.]
 [ 0.  1.  0.  0.]
 [ 0.  0.  1.  0.]
 [ 0.  0.  0.  1.]]"
142,car02-frame000143.png,1530124505939661016,True,"[[ 1.  0.  0.  0.]
 [ 0.  1.  0.  0.]
 [ 0.  0.  1.  0.]
 [ 0.  0.  0.  1.]]"
143,car02-frame000144.png,1530124506140262802,True,"[[ 1.  0.  0.  0.]
 [ 0.  1.  0.  0.]
 [ 0.  0.  1.  0.]
 [ 0.  0.  0.  1.]]"
144,car02-frame000145.png,1530124506340807705,True,"[[ 1.  0.  0.  0.]
 [ 0.  1.  0.  0.]
 [ 0.  0.  1.  0.]
 [ 0.  0.  0.  1.]]"
145,car02-frame000146.png,1530124506541147063,True,"[[ 1.  0.  0.  0.]
 [ 0.  1.  0.  0.]
 [ 0.  0.  1.  0.]
 [ 0.  0.  0.  1.]]"
146,car02-frame000147.png,1530124506741099794,True,"[[ 1.  0.  0.  0.]
 [ 0.  1.  0.  0.]
 [ 0.  0.  1.  0.]
 [ 0.  0.  0.  1.]]"
147,car02-frame000148.png,1530124506941190630,False,"[[ -6.50106056e-01   4.32116739e-03   7.59831194e-01   2.98843288e+00]
 [ -7.59843481e-01  -3.65999005e-03  -6.50095754e-01   2.13802357e-01]
 [ -2.81979615e-05  -9.99983966e-01   5.66279257e-03   1.81149142e-01]
 [  0.00000000e+00   0.00000000e+00   0.00000000e+00   1.00000000e+00]]"
148,car02-frame000149.png,1530124507141833962,False,"[[ -6.62589554e-01   4.63505001e-03   7.48968356e-01   3.03111935e+00]
 [ -7.48982650e-01  -3.74029784e-03  -6.62579052e-01   1.70167501e-01]
 [ -2.69722322e-04  -9.99982263e-01   5.94985432e-03   1.81086635e-01]
 [  0.00000000e+00   0.00000000e+00   0.00000000e+00   1.00000000e+00]]"
149,car02-frame000150.png,1530124507341518790,False,"[[ -6.84406320e-01   1.31648756e-02   7.28981945e-01   3.07317076e+00]
 [ -7.29100499e-01  -1.14362707e-02  -6.84311094e-01   1.22050860e-01]
 [ -6.72035540e-04  -9.99847937e-01   1.74255733e-02   1.80204394e-01]
 [  0.00000000e+00   0.00000000e+00   0.00000000e+00   1.00000000e+00]]"
150,car02-frame000151.png,1530124507541632600,False,"[[ -7.02836623e-01   1.00507452e-02   7.11280299e-01   3.11291057e+00]
 [ -7.11347470e-01  -6.64630324e-03  -7.02809081e-01   7.33899001e-02]
 [ -2.33637040e-03  -9.99927402e-01   1.18208375e-02   1.79488919e-01]
 [  0.00000000e+00   0.00000000e+00   0.00000000e+00   1.00000000e+00]]"
151,car02-frame000152.png,1530124507741764002,False,"[[-0.70933801  0.01075402  0.70478645  3.15578203]
 [-0.7048599  -0.00588512 -0.70932214  0.02698105]
 [-0.00348031 -0.99992486  0.01175461  0.17915601]
 [ 0.          0.          0.          1.        ]]"
152,car02-frame000153.png,1530124507941680780,False,"[[ -7.23831235e-01   6.96943451e-03   6.89941860e-01   3.19703725e+00]
 [ -6.89925139e-01   4.95625223e-03  -7.23863757e-01  -2.23183902e-02]
 [ -8.46444693e-03  -9.99963431e-01   1.22089790e-03   1.78902344e-01]
 [  0.00000000e+00   0.00000000e+00   0.00000000e+00   1.00000000e+00]]"
153,car02-frame000154.png,1530124508142290158,False,"[[ -7.50152453e-01   1.07880839e-02   6.61176916e-01   3.23548804e+00]
 [ -6.61259024e-01  -8.01520542e-03  -7.50114831e-01  -7.71217699e-02]
 [ -2.79283289e-03  -9.99909683e-01   1.31463438e-02   1.79306155e-01]
 [  0.00000000e+00   0.00000000e+00   0.00000000e+00   1.00000000e+00]]"
154,car02-frame000155.png,1530124508341636643,False,"[[-0.77412042  0.01681105  0.63281511  3.2666396 ]
 [-0.63294784 -0.00364896 -0.77418584 -0.13219812]
 [-0.01070576 -0.99985203  0.01346526  0.17853242]
 [ 0.          0.          0.          1.        ]]"
155,car02-frame000156.png,1530124508541805310,False,"[[ -7.77020238e-01  -1.13520154e-03   6.29474591e-01   3.30341014e+00]
 [ -6.29460395e-01  -5.55278683e-03  -7.77012727e-01  -1.82421012e-01]
 [  4.37740427e-03  -9.99983939e-01   3.60006333e-03   1.75352442e-01]
 [  0.00000000e+00   0.00000000e+00   0.00000000e+00   1.00000000e+00]]"
156,car02-frame000157.png,1530124508741759743,False,"[[ -8.00914854e-01   4.52201906e-03   5.98761178e-01   3.33531663e+00]
 [ -5.98778169e-01  -6.57970223e-03  -8.00887890e-01  -2.38261817e-01]
 [  3.18039960e-04  -9.99968129e-01   7.97746755e-03   1.76233853e-01]
 [  0.00000000e+00   0.00000000e+00   0.00000000e+00   1.00000000e+00]]"
157,car02-frame000158.png,1530124508941453233,True,"[[ 1.  0.  0.  0.]
 [ 0.  1.  0.  0.]
 [ 0.  0.  1.  0.]
 [ 0.  0.  0.  1.]]"
158,car02-frame000159.png,1530124509141699305,False,"[[-0.83860647 -0.01174784  0.54461103  3.39217245]
 [-0.54472254  0.01062024 -0.83854909 -0.35435103]
 [ 0.00406724 -0.99987459 -0.01530551  0.17463815]
 [ 0.          0.          0.          1.        ]]"
159,car02-frame000160.png,1530124509341895058,False,"[[ -8.55780743e-01  -1.57789903e-03   5.17336284e-01   3.41672633e+00]
 [ -5.17338370e-01   1.49660896e-03  -8.55779628e-01  -4.08856660e-01]
 [  5.76083726e-04  -9.99997635e-01  -2.09707684e-03   1.74531285e-01]
 [  0.00000000e+00   0.00000000e+00   0.00000000e+00   1.00000000e+00]]"
160,car02-frame000161.png,1530124509541989859,False,"[[ -8.68003972e-01   6.61110337e-03   4.96513241e-01   3.44015795e+00]
 [ -4.96540706e-01  -3.39323630e-03  -8.68006805e-01  -4.62652589e-01]
 [ -4.05369596e-03  -9.99972389e-01   6.22802452e-03   1.75645294e-01]
 [  0.00000000e+00   0.00000000e+00   0.00000000e+00   1.00000000e+00]]"
161,car02-frame000162.png,1530124509742279770,True,"[[ 1.  0.  0.  0.]
 [ 0.  1.  0.  0.]
 [ 0.  0.  1.  0.]
 [ 0.  0.  0.  1.]]"
162,car02-frame000163.png,1530124509941757729,False,"[[ -8.97121849e-01  -1.27997677e-02   4.41597728e-01   3.47660623e+00]
 [ -4.41779565e-01   2.19422538e-02  -8.96855258e-01  -5.71839914e-01]
 [  1.78988954e-03  -9.99677300e-01  -2.53395511e-02   1.72129347e-01]
 [  0.00000000e+00   0.00000000e+00   0.00000000e+00   1.00000000e+00]]"
163,car02-frame000164.png,1530124510141878192,True,"[[ 1.  0.  0.  0.]
 [ 0.  1.  0.  0.]
 [ 0.  0.  1.  0.]
 [ 0.  0.  0.  1.]]"
164,car02-frame000165.png,1530124510342000661,True,"[[ 1.  0.  0.  0.]
 [ 0.  1.  0.  0.]
 [ 0.  0.  1.  0.]
 [ 0.  0.  0.  1.]]"
165,car02-frame000166.png,1530124510541578257,True,"[[ 1.  0.  0.  0.]
 [ 0.  1.  0.  0.]
 [ 0.  0.  1.  0.]
 [ 0.  0.  0.  1.]]"
166,car02-frame000167.png,1530124510742144110,True,"[[ 1.  0.  0.  0.]
 [ 0.  1.  0.  0.]
 [ 0.  0.  1.  0.]
 [ 0.  0.  0.  1.]]"
167,car02-frame000168.png,1530124510941722738,True,"[[ 1.  0.  0.  0.]
 [ 0.  1.  0.  0.]
 [ 0.  0.  1.  0.]
 [ 0.  0.  0.  1.]]"
168,car02-frame000169.png,1530124511141643690,True,"[[ 1.  0.  0.  0.]
 [ 0.  1.  0.  0.]
 [ 0.  0.  1.  0.]
 [ 0.  0.  0.  1.]]"
169,car02-frame000170.png,1530124511342256659,True,"[[ 1.  0.  0.  0.]
 [ 0.  1.  0.  0.]
 [ 0.  0.  1.  0.]
 [ 0.  0.  0.  1.]]"
170,car02-frame000171.png,1530124511541798081,True,"[[ 1.  0.  0.  0.]
 [ 0.  1.  0.  0.]
 [ 0.  0.  1.  0.]
 [ 0.  0.  0.  1.]]"
171,car02-frame000172.png,1530124511741399186,True,"[[ 1.  0.  0.  0.]
 [ 0.  1.  0.  0.]
 [ 0.  0.  1.  0.]
 [ 0.  0.  0.  1.]]"
172,car02-frame000173.png,1530124511942147052,True,"[[ 1.  0.  0.  0.]
 [ 0.  1.  0.  0.]
 [ 0.  0.  1.  0.]
 [ 0.  0.  0.  1.]]"
173,car02-frame000174.png,1530124512141575331,True,"[[ 1.  0.  0.  0.]
 [ 0.  1.  0.  0.]
 [ 0.  0.  1.  0.]
 [ 0.  0.  0.  1.]]"
174,car02-frame000175.png,1530124512341157108,False,"[[ -9.88373548e-01  -1.12874824e-03   1.52040968e-01   3.55766200e+00]
 [ -1.52045131e-01   7.93392204e-03  -9.88341708e-01  -1.10985354e+00]
 [ -9.06922267e-05  -9.99967889e-01  -8.01329935e-03   1.72194294e-01]
 [  0.00000000e+00   0.00000000e+00   0.00000000e+00   1.00000000e+00]]"
175,car02-frame000176.png,1530124512541018737,True,"[[ 1.  0.  0.  0.]
 [ 0.  1.  0.  0.]
 [ 0.  0.  1.  0.]
 [ 0.  0.  0.  1.]]"
176,car02-frame000177.png,1530124512740772756,False,"[[-0.99844384 -0.00711029  0.0553114   3.54602863]
 [-0.0552629  -0.00684647 -0.99844837 -1.21218459]
 [ 0.00747795 -0.99995128  0.00644288  0.17209438]
 [ 0.          0.          0.          1.        ]]"
177,car02-frame000178.png,1530124512940372292,False,"[[-0.99991469 -0.00935559  0.00911526  3.53423213]
 [-0.00896986 -0.01546782 -0.99984013 -1.26618754]
 [ 0.00949509 -0.9998366   0.01538258  0.17372287]
 [ 0.          0.          0.          1.        ]]"
178,car02-frame000179.png,1530124513139834888,False,"[[-0.99920524 -0.00919202 -0.03878646  3.52057536]
 [ 0.03889631 -0.01209004 -0.99917011 -1.30846542]
 [ 0.00871546 -0.99988466  0.01243796  0.17286691]
 [ 0.          0.          0.          1.        ]]"
179,car02-frame000180.png,1530124513339545262,False,"[[-0.99525553 -0.00979037 -0.09680179  3.50093679]
 [ 0.09694544 -0.01545179 -0.99516975 -1.35187447]
 [ 0.00824731 -0.99983268  0.01632761  0.17415434]
 [ 0.          0.          0.          1.        ]]"
180,car02-frame000181.png,1530124513539131342,False,"[[-0.99186014 -0.01303826 -0.12666279  3.4898205 ]
 [ 0.1268342  -0.01328429 -0.99183497 -1.37543362]
 [ 0.01124918 -0.99982675  0.01482986  0.17420207]
 [ 0.          0.          0.          1.        ]]"
181,car02-frame000182.png,1530124513738927082,False,"[[-0.99147835 -0.01247635 -0.12967278  3.4903285 ]
 [ 0.12985094 -0.01472101 -0.99142424 -1.3746471 ]
 [ 0.01046044 -0.9998138   0.01621563  0.1741994 ]
 [ 0.          0.          0.          1.        ]]"
182,car02-frame000183.png,1530124513938399498,False,"[[-0.99143179 -0.01827217 -0.12934118  3.48812891]
 [ 0.12970333 -0.0202575  -0.99134589 -1.37739861]
 [ 0.01549392 -0.99962781  0.02245389  0.17450683]
 [ 0.          0.          0.          1.        ]]"
183,car02-frame000184.png,1530124514138491381,False,"[[-0.98614664 -0.02335142 -0.16422397  3.47649708]
 [ 0.16466656 -0.01848381 -0.98617609 -1.39912614]
 [ 0.01999313 -0.99955643  0.02207295  0.17532751]
 [ 0.          0.          0.          1.        ]]"
184,car02-frame000185.png,1530124514337892841,False,"[[-0.9762523  -0.02600546 -0.21507015  3.45346183]
 [ 0.21565473 -0.02224268 -0.97621632 -1.44276297]
 [ 0.02060322 -0.99941432  0.02732267  0.17678013]
 [ 0.          0.          0.          1.        ]]"
185,car02-frame000186.png,1530124514537972392,False,"[[-0.95299921 -0.02531595 -0.30191326  3.40989923]
 [ 0.30251416 -0.02470054 -0.95282478 -1.51442839]
 [ 0.01666424 -0.9993743   0.03119802  0.17694143]
 [ 0.          0.          0.          1.        ]]"
186,car02-frame000187.png,1530124514737567910,False,"[[-0.90712423 -0.032306   -0.41962121  3.34363912]
 [ 0.42037445 -0.02152548 -0.90709535 -1.59866829]
 [ 0.02027207 -0.9992462   0.0331069   0.17824795]
 [ 0.          0.          0.          1.        ]]"
187,car02-frame000188.png,1530124514937277579,False,"[[-0.84756584 -0.03552068 -0.52950018  3.27058647]
 [ 0.53050175 -0.03011794 -0.84714863 -1.66328856]
 [ 0.01414384 -0.99891501  0.04437072  0.17867032]
 [ 0.          0.          0.          1.        ]]"
188,car02-frame000189.png,1530124515137012102,False,"[[ -7.97741271e-01  -3.28185187e-02  -6.02106145e-01   3.21506565e+00]
 [  6.02423507e-01   2.71966445e-04  -7.98176574e-01  -1.69796531e+00]
 [  2.63587255e-02  -9.99461290e-01   1.95536883e-02   1.79171737e-01]
 [  0.00000000e+00   0.00000000e+00   0.00000000e+00   1.00000000e+00]]"
189,car02-frame000190.png,1530124515337234602,False,"[[-0.78940251 -0.02563457 -0.61334048  3.20572274]
 [ 0.61345933  0.00386164 -0.78971687 -1.70335711]
 [ 0.02261255 -0.99966392  0.01267738  0.18008938]
 [ 0.          0.          0.          1.        ]]"
190,car02-frame000191.png,1530124515537115685,False,"[[ -7.90457575e-01  -2.55287227e-02  -6.11984564e-01   3.20604176e+00]
 [  6.12118542e-01   3.10000362e-03  -7.90759939e-01  -1.70337494e+00]
 [  2.20842456e-02  -9.99669282e-01   1.31761832e-02   1.80158550e-01]
 [  0.00000000e+00   0.00000000e+00   0.00000000e+00   1.00000000e+00]]"
191,car02-frame000192.png,1530124515736768803,False,"[[-0.79018756 -0.02584474 -0.61231991  3.20599237]
 [ 0.61244343  0.0037558  -0.79050549 -1.70337746]
 [ 0.02273016 -0.99965891  0.01286066  0.18002437]
 [ 0.          0.          0.          1.        ]]"
192,car02-frame000193.png,1530124515936763462,False,"[[-0.78461714 -0.02807259 -0.61934471  3.2019229 ]
 [ 0.61967323 -0.004057   -0.78484943 -1.70605736]
 [ 0.01952007 -0.99959765  0.02057902  0.18043589]
 [ 0.          0.          0.          1.        ]]"
193,car02-frame000194.png,1530124516136736793,False,"[[-0.77232187 -0.02933836 -0.63455354  3.16824322]
 [ 0.63513117 -0.01791918 -0.77219641 -1.73394732]
