,imgseq,timestamp,broken,mat
0,car01-frame000000.png,1530124348941801859,True,[]
1,car01-frame000001.png,1530124349141580148,True,[]
2,car01-frame000002.png,1530124349341750745,True,[]
3,car01-frame000003.png,1530124349541742455,True,[]
4,car01-frame000004.png,1530124349741748508,True,[]
5,car01-frame000005.png,1530124349941710632,True,[]
6,car01-frame000006.png,1530124350141833248,True,[]
7,car01-frame000007.png,1530124350341732681,True,[]
8,car01-frame000008.png,1530124350541773078,True,[]
9,car01-frame000009.png,1530124350741746775,True,[]
10,car01-frame000010.png,1530124350941622166,True,[]
11,car01-frame000011.png,1530124351141662412,True,[]
12,car01-frame000012.png,1530124351341701402,True,[]
13,car01-frame000013.png,1530124351541773402,True,[]
14,car01-frame000014.png,1530124351741728318,True,[]
15,car01-frame000015.png,1530124351941846379,True,[]
16,car01-frame000016.png,1530124352141773599,True,[]
17,car01-frame000017.png,1530124352341757236,True,[]
18,car01-frame000018.png,1530124352541687950,True,[]
19,car01-frame000019.png,1530124352741698924,True,[]
20,car01-frame000020.png,1530124352942132318,True,[]
21,car01-frame000021.png,1530124353141998206,True,[]
22,car01-frame000022.png,1530124353341740674,True,[]
23,car01-frame000023.png,1530124353541842398,True,[]
24,car01-frame000024.png,1530124353741636526,True,[]
25,car01-frame000025.png,1530124353941818124,True,[]
26,car01-frame000026.png,1530124354141622761,True,[]
27,car01-frame000027.png,1530124354341733526,True,[]
28,car01-frame000028.png,1530124354541775521,True,[]
29,car01-frame000029.png,1530124354742007861,True,[]
30,car01-frame000030.png,1530124354941957042,True,[]
31,car01-frame000031.png,1530124355142616318,True,[]
32,car01-frame000032.png,1530124355341598236,True,[]
33,car01-frame000033.png,1530124355541889719,True,[]
34,car01-frame000034.png,1530124355741627101,True,[]
35,car01-frame000035.png,1530124355941923979,True,[]
36,car01-frame000036.png,1530124356141789843,True,[]
37,car01-frame000037.png,1530124356342009820,True,[]
38,car01-frame000038.png,1530124356541786278,True,[]
39,car01-frame000039.png,1530124356742001619,True,[]
40,car01-frame000040.png,1530124356941829785,True,[]
41,car01-frame000041.png,1530124357141959866,True,[]
42,car01-frame000042.png,1530124357341792254,True,[]
43,car01-frame000043.png,1530124357541837314,True,[]
44,car01-frame000044.png,1530124357741606135,True,[]
45,car01-frame000045.png,1530124357941717502,True,[]
46,car01-frame000046.png,1530124358141638991,True,[]
47,car01-frame000047.png,1530124358341899029,True,[]
48,car01-frame000048.png,1530124358541666082,True,[]
49,car01-frame000049.png,1530124358741829425,True,[]
50,car01-frame000050.png,1530124358941654866,True,[]
51,car01-frame000051.png,1530124359141609577,True,[]
52,car01-frame000052.png,1530124359341984464,True,[]
53,car01-frame000053.png,1530124359542030832,True,[]
54,car01-frame000054.png,1530124359741705542,True,[]
55,car01-frame000055.png,1530124359941982095,True,[]
56,car01-frame000056.png,1530124360141577987,True,[]
57,car01-frame000057.png,1530124360342005938,True,[]
58,car01-frame000058.png,1530124360541653125,False,"[[ 0.9536541  -0.07464862 -0.2914986  -1.01152781]
 [ 0.29754581  0.08959308  0.95049438 -5.29672201]
 [-0.04483684 -0.99317706  0.1076522   0.20736824]
 [ 0.          0.          0.          1.        ]]"
59,car01-frame000059.png,1530124360741781352,True,[]
60,car01-frame000060.png,1530124360941620518,True,[]
61,car01-frame000061.png,1530124361141812130,True,[]
62,car01-frame000062.png,1530124361341706971,False,"[[ 0.97675244 -0.03076603 -0.21215117 -1.03729609]
 [ 0.21413454  0.093617    0.9723077  -5.13259707]
 [-0.01005309 -0.99513281  0.09802871  0.21275239]
 [ 0.          0.          0.          1.        ]]"
63,car01-frame000063.png,1530124361541762825,False,"[[ 0.98535488 -0.02754124 -0.16827725 -1.0439465 ]
 [ 0.16996661  0.07947318  0.98223997 -5.0486546 ]
 [-0.01367858 -0.99645647  0.08299038  0.21245033]
 [ 0.          0.          0.          1.        ]]"
64,car01-frame000064.png,1530124361741715449,True,[]
65,car01-frame000065.png,1530124361942012510,True,[]
66,car01-frame000066.png,1530124362141752336,True,[]
67,car01-frame000067.png,1530124362341703019,True,[]
68,car01-frame000068.png,1530124362541824496,False,"[[ 0.99879684 -0.02770452 -0.04046384 -1.04211274]
 [ 0.04085096  0.01355244  0.99907334 -4.7037001 ]
 [-0.02713046 -0.99952428  0.01466789  0.20950929]
 [ 0.          0.          0.          1.        ]]"
69,car01-frame000069.png,1530124362741887473,True,[]
70,car01-frame000070.png,1530124362941633954,True,[]
71,car01-frame000071.png,1530124363141754602,True,[]
72,car01-frame000072.png,1530124363341789669,True,[]
73,car01-frame000073.png,1530124363541637209,True,[]
74,car01-frame000074.png,1530124363741744063,False,"[[ 0.99863535 -0.00952601  0.05134881 -1.01473921]
 [-0.05080989  0.05010998  0.99745042 -4.46518447]
 [-0.01207481 -0.99869828  0.04955758  0.20742983]
 [ 0.          0.          0.          1.        ]]"
75,car01-frame000075.png,1530124363941757936,True,[]
76,car01-frame000076.png,1530124364141766823,False,"[[ 0.99803582 -0.0158117   0.06061766 -1.00608035]
 [-0.05941748  0.06770058  0.99593483 -4.35031806]
 [-0.01985127 -0.99758038  0.06662811  0.21623409]
 [ 0.          0.          0.          1.        ]]"
77,car01-frame000077.png,1530124364341779653,False,"[[ 0.99882725 -0.02221511  0.0430187  -1.00437641]
 [-0.04229348  0.03214385  0.99858802 -4.29445161]
 [-0.02356653 -0.99923634  0.0311666   0.21689932]
 [ 0.          0.          0.          1.        ]]"
78,car01-frame000078.png,1530124364541629817,False,"[[ 0.99890585 -0.02822678  0.03728735 -1.00659965]
 [-0.03598966  0.04516414  0.99833108 -4.24035316]
 [-0.02986373 -0.99858072  0.04409886  0.21861876]
 [ 0.          0.          0.          1.        ]]"
79,car01-frame000079.png,1530124364741967358,False,"[[ 0.99951208 -0.02818122  0.01346896 -1.01185334]
 [-0.01189618  0.05525159  0.99840159 -4.19292072]
 [-0.02888036 -0.99807469  0.05488938  0.21783642]
 [ 0.          0.          0.          1.        ]]"
80,car01-frame000080.png,1530124364941655593,False,"[[ 0.99985347 -0.01635294  0.00506128 -1.01444792]
 [-0.0043548   0.0429525   0.99906762 -4.14964961]
 [-0.01655509 -0.99894327  0.04287499  0.2191146 ]
 [ 0.          0.          0.          1.        ]]"
81,car01-frame000081.png,1530124365141901867,False,"[[ 0.99991735 -0.01001598  0.00806053 -1.01448868]
 [-0.00762679  0.04261348  0.99906252 -4.10387216]
 [-0.01035007 -0.99904143  0.04253357  0.21759997]
 [ 0.          0.          0.          1.        ]]"
82,car01-frame000082.png,1530124365341663964,False,"[[ 0.99985999 -0.01524511  0.00689776 -1.01294016]
 [-0.00648776  0.02678159  0.99962026 -4.04647471]
 [-0.01542405 -0.99952505  0.02667894  0.21600296]
 [ 0.          0.          0.          1.        ]]"
83,car01-frame000083.png,1530124365541906730,False,"[[ 0.99975547 -0.0177018   0.01325285 -1.00964943]
 [-0.01295633  0.01676161  0.99977557 -3.97908017]
 [-0.01791997 -0.9997028   0.01652816  0.21430457]
 [ 0.          0.          0.          1.        ]]"
84,car01-frame000084.png,1530124365741765458,False,"[[ 0.99955655 -0.02138115  0.02072543 -1.00626957]
 [-0.0206329   0.00453935  0.99977681 -3.90431358]
 [-0.02147046 -0.99976109  0.00409619  0.21378726]
 [ 0.          0.          0.          1.        ]]"
85,car01-frame000085.png,1530124365941746386,False,"[[  9.99535544e-01  -1.40480397e-02   2.70434651e-02  -1.00248787e+00]
 [ -2.70398427e-02   4.47760547e-04   9.99634256e-01  -3.82713667e+00]
 [ -1.40550107e-02  -9.99901221e-01   6.76957984e-05   2.12698526e-01]
 [  0.00000000e+00   0.00000000e+00   0.00000000e+00   1.00000000e+00]]"
86,car01-frame000086.png,1530124366141647570,False,"[[ 0.99914679 -0.01271445  0.03929418 -0.99947599]
 [-0.03910845  0.01454136  0.99912916 -3.74500605]
 [-0.01327477 -0.99981343  0.01403171  0.21304124]
 [ 0.          0.          0.          1.        ]]"
87,car01-frame000087.png,1530124366341862673,False,"[[ 0.9990429  -0.01438055  0.04130951 -0.99368083]
 [-0.04104395  0.01829622  0.99898981 -3.65749814]
 [-0.01512183 -0.99972919  0.01768847  0.2109536 ]
 [ 0.          0.          0.          1.        ]]"
88,car01-frame000088.png,1530124366541888927,False,"[[ 0.99893572 -0.02119724  0.04096456 -0.9897107 ]
 [-0.04034516  0.02886695  0.99876873 -3.5615275 ]
 [-0.02235367 -0.99935848  0.02798103  0.21020725]
 [ 0.          0.          0.          1.        ]]"
89,car01-frame000089.png,1530124366741666032,False,"[[ 0.99967182 -0.01976855  0.01629306 -0.99482507]
 [-0.01580535  0.0245816   0.99957288 -3.4648529 ]
 [-0.02016061 -0.99950235  0.02426108  0.21005291]
 [ 0.          0.          0.          1.        ]]"
90,car01-frame000090.png,1530124366941671375,False,"[[ 0.99976363 -0.01943906 -0.00973646 -1.00024232]
 [ 0.01017589  0.02263602  0.99969198 -3.37125011]
 [-0.01921268 -0.99955477  0.02282848  0.21028104]
 [ 0.          0.          0.          1.        ]]"
91,car01-frame000091.png,1530124367141828643,False,"[[ 0.99970422 -0.02321768 -0.00724016 -1.00014147]
 [ 0.00789348  0.02817218  0.99957192 -3.28161297]
 [-0.02300377 -0.99933341  0.02834711  0.21028271]
 [ 0.          0.          0.          1.        ]]"
92,car01-frame000092.png,1530124367341660405,False,"[[ 0.99942836 -0.0295331  -0.01645457 -1.00152567]
 [ 0.01735684  0.03055941  0.99938224 -3.19588348]
 [-0.02901201 -0.99909655  0.03105454  0.20900275]
 [ 0.          0.          0.          1.        ]]"
93,car01-frame000093.png,1530124367541780914,False,"[[ 0.99956678 -0.02599162 -0.013809   -1.00238468]
 [ 0.01481789  0.03903205  0.99912808 -3.11679521]
 [-0.02542996 -0.99889986  0.03940028  0.20967654]
 [ 0.          0.          0.          1.        ]]"
94,car01-frame000094.png,1530124367741713477,False,"[[ 0.99955877 -0.02804232 -0.00979252 -1.00343807]
 [ 0.01090677  0.03986111  0.9991457  -3.03745046]
 [-0.02762802 -0.99881165  0.04014937  0.20992563]
 [ 0.          0.          0.          1.        ]]"
95,car01-frame000095.png,1530124367941825744,False,"[[ 0.9994456  -0.03107012 -0.01196383 -1.00334101]
 [ 0.01291941  0.03073928  0.99944394 -2.96747592]
 [-0.03068509 -0.99904442  0.03112365  0.20999659]
 [ 0.          0.          0.          1.        ]]"
96,car01-frame000096.png,1530124368141693865,False,"[[ 0.99955141 -0.0286373  -0.00876816 -1.00407989]
 [ 0.00991315  0.04008807  0.99914697 -2.90259861]
 [-0.02826138 -0.99878569  0.04035397  0.21001447]
 [ 0.          0.          0.          1.        ]]"
97,car01-frame000097.png,1530124368341857282,False,"[[ 0.99962257 -0.02538355 -0.01050725 -1.00496748]
 [ 0.01143781  0.0367973   0.99925729 -2.84241907]
 [-0.02497806 -0.99900032  0.03707374  0.21004573]
 [ 0.          0.          0.          1.        ]]"
98,car01-frame000098.png,1530124368541738538,False,"[[ 0.99962562 -0.02537408 -0.01023624 -1.00511105]
 [ 0.01112487  0.03513122  0.99932079 -2.78493456]
 [-0.02499723 -0.99906054  0.03540035  0.21028668]
 [ 0.          0.          0.          1.        ]]"
99,car01-frame000099.png,1530124368741929555,False,"[[ 0.99957948 -0.02729996 -0.00977622 -1.00537005]
 [ 0.01078602  0.03708998  0.99925372 -2.72884266]
 [-0.02691699 -0.99893896  0.03736884  0.21053126]
 [ 0.          0.          0.          1.        ]]"
100,car01-frame000100.png,1530124368941770034,False,"[[ 0.99954194 -0.02898702 -0.00869864 -1.00537604]
 [ 0.00976664  0.03690822  0.99927093 -2.67229607]
 [-0.02864483 -0.99889816  0.03717442  0.21095992]
 [ 0.          0.          0.          1.        ]]"
101,car01-frame000101.png,1530124369141728255,False,"[[ 0.99949009 -0.03108598 -0.0072958  -1.00559406]
 [ 0.00852472  0.03958551  0.99917982 -2.61299998]
 [-0.03077167 -0.99873252  0.03983032  0.21124011]
 [ 0.          0.          0.          1.        ]]"
102,car01-frame000102.png,1530124369341791647,False,"[[ 0.99962426 -0.02520505 -0.01077267 -1.00574709]
 [ 0.01161172  0.03338275  0.99937518 -2.55178908]
 [-0.02482968 -0.99912477  0.03366288  0.21055915]
 [ 0.          0.          0.          1.        ]]"
103,car01-frame000103.png,1530124369541979821,False,"[[ 0.99971724 -0.02237649 -0.00804575 -1.00608277]
 [ 0.00892299  0.03938411  0.9991843  -2.48652103]
 [-0.02204136 -0.99897357  0.03957264  0.20948732]
 [ 0.          0.          0.          1.        ]]"
104,car01-frame000104.png,1530124369741836095,False,"[[ 0.99963195 -0.02437379 -0.01191109 -1.00719311]
 [ 0.01258125  0.0275292   0.99954182 -2.41789319]
 [-0.02403472 -0.9993238   0.02782572  0.21025814]
 [ 0.          0.          0.          1.        ]]"
105,car01-frame000105.png,1530124369942146361,False,"[[ 0.99966663 -0.01892349 -0.01756528 -1.00666639]
 [ 0.01799762  0.02292438  0.99957519 -2.34837997]
 [-0.01851278 -0.99955809  0.02325732  0.20940275]
 [ 0.          0.          0.          1.        ]]"
106,car01-frame000106.png,1530124370141981243,False,"[[ 0.99980029 -0.0159445  -0.01204766 -1.00644469]
 [ 0.01230256  0.01598591  0.99979653 -2.27791875]
 [-0.01574866 -0.99974508  0.01617888  0.21008049]
 [ 0.          0.          0.          1.        ]]"
107,car01-frame000107.png,1530124370343187112,False,"[[ 0.99982721 -0.01443059 -0.01171776 -1.00684742]
 [ 0.01197527  0.01788994  0.99976824 -2.20770963]
 [-0.01421762 -0.99973582  0.01805966  0.20981371]
 [ 0.          0.          0.          1.        ]]"
108,car01-frame000108.png,1530124370541763942,True,[]
109,car01-frame000109.png,1530124370741685657,True,[]
110,car01-frame000110.png,1530124370941954991,True,[]
111,car01-frame000111.png,1530124371141599912,True,[]
112,car01-frame000112.png,1530124371342125799,True,[]
113,car01-frame000113.png,1530124371542430129,True,[]
114,car01-frame000114.png,1530124371741956521,True,[]
115,car01-frame000115.png,1530124371942546433,False,"[[ 0.99972389 -0.01786339 -0.01526593 -1.01079825]
 [ 0.01572055  0.02559254  0.99954884 -1.62106845]
 [-0.01746464 -0.99951284  0.0258663   0.20754909]
 [ 0.          0.          0.          1.        ]]"
116,car01-frame000116.png,1530124372141858804,False,"[[ 0.99979738 -0.01299122 -0.01537605 -1.01131019]
 [ 0.01578491  0.03197863  0.9993639  -1.55300167]
 [-0.01249125 -0.99940412  0.03217721  0.20734695]
 [ 0.          0.          0.          1.        ]]"
117,car01-frame000117.png,1530124372342429862,False,"[[ 0.9997966  -0.00924159 -0.01792608 -1.01225173]
 [ 0.01819171  0.02950794  0.99939899 -1.48837489]
 [-0.00870707 -0.99952182  0.02967006  0.20734045]
 [ 0.          0.          0.          1.        ]]"
118,car01-frame000118.png,1530124372541902463,False,"[[ 0.99979491 -0.01073618 -0.01717209 -1.01209316]
 [ 0.01742366  0.02379544  0.999565   -1.42299342]
 [-0.01032289 -0.9996592   0.02397762  0.20700341]
 [ 0.          0.          0.          1.        ]]"
119,car01-frame000119.png,1530124372741663411,True,[]
120,car01-frame000120.png,1530124372941562924,True,[]
121,car01-frame000121.png,1530124373143055345,True,[]
122,car01-frame000122.png,1530124373341970206,True,[]
123,car01-frame000123.png,1530124373542021168,False,"[[ 0.9998467  -0.01098534 -0.01363481 -1.01400235]
 [ 0.01385948  0.02064179  0.99969087 -1.14471053]
 [-0.0107005  -0.99972658  0.02079088  0.20705759]
 [ 0.          0.          0.          1.        ]]"
124,car01-frame000124.png,1530124373741951133,False,"[[ 0.99982163 -0.01007168 -0.01597697 -1.01435391]
 [ 0.01625636  0.02829784  0.99946734 -1.09114332]
 [-0.0096142  -0.99954879  0.02845652  0.20696937]
 [ 0.          0.          0.          1.        ]]"
125,car01-frame000125.png,1530124373941937580,False,"[[ 0.99982068 -0.0111814  -0.01528373 -1.01420863]
 [ 0.01554696  0.02384675  0.99959473 -1.03542605]
 [-0.01081241 -0.99965309  0.02401631  0.2064062 ]
 [ 0.          0.          0.          1.        ]]"
126,car01-frame000126.png,1530124374141910512,False,"[[ 0.99981331 -0.01221101 -0.01497438 -1.01420753]
 [ 0.01533275  0.0298031   0.99943818 -0.98237556]
 [-0.01175786 -0.9994812   0.02998477  0.2063558 ]
 [ 0.          0.          0.          1.        ]]"
127,car01-frame000127.png,1530124374342046957,False,"[[ 0.99976385 -0.01533038 -0.01540218 -1.01462821]
 [ 0.01573939  0.02212411  0.99963133 -0.92850956]
 [-0.01498397 -0.99963769  0.02236017  0.20613373]
 [ 0.          0.          0.          1.        ]]"
128,car01-frame000128.png,1530124374541855707,False,"[[ 0.99981373 -0.01144463 -0.0155414  -1.0147365 ]
 [ 0.01577249  0.02038572  0.99966777 -0.87483326]
 [-0.011124   -0.99972668  0.02056243  0.20529567]
 [ 0.          0.          0.          1.        ]]"
129,car01-frame000129.png,1530124374741844736,False,"[[ 0.9998406  -0.00997228 -0.01480992 -1.01608844]
 [ 0.01503593  0.02298304  0.99962278 -0.8216287 ]
 [-0.00962815 -0.99968612  0.02312932  0.20548692]
 [ 0.          0.          0.          1.        ]]"
130,car01-frame000130.png,1530124374941729608,False,"[[ 0.99984626 -0.00962875 -0.01465406 -1.01592595]
 [ 0.01485812  0.02147491  0.99965897 -0.76496976]
 [-0.00931077 -0.99972302  0.02161467  0.2045956 ]
 [ 0.          0.          0.          1.        ]]"
131,car01-frame000131.png,1530124375142160634,False,"[[ 0.99985027 -0.0114336  -0.01298866 -1.01609817]
 [ 0.0131701   0.01594003  0.99978621 -0.71066065]
 [-0.01122412 -0.99980758  0.01608822  0.20469375]
 [ 0.          0.          0.          1.        ]]"
132,car01-frame000132.png,1530124375341849671,True,[]
133,car01-frame000133.png,1530124375541823578,True,[]
134,car01-frame000134.png,1530124375741820654,True,[]
135,car01-frame000135.png,1530124375941655599,True,[]
136,car01-frame000136.png,1530124376141710723,True,[]
137,car01-frame000137.png,1530124376341794379,True,[]
138,car01-frame000138.png,1530124376541668893,True,[]
139,car01-frame000139.png,1530124376741756029,True,[]
140,car01-frame000140.png,1530124376941687839,True,[]
141,car01-frame000141.png,1530124377141904989,True,[]
142,car01-frame000142.png,1530124377341744439,True,[]
143,car01-frame000143.png,1530124377542454750,True,[]
144,car01-frame000144.png,1530124377741693795,True,[]
145,car01-frame000145.png,1530124377941886171,True,[]
146,car01-frame000146.png,1530124378141736727,True,[]
147,car01-frame000147.png,1530124378341836256,True,[]
148,car01-frame000148.png,1530124378541859316,True,[]
149,car01-frame000149.png,1530124378741986418,True,[]
150,car01-frame000150.png,1530124378941758989,True,[]
151,car01-frame000151.png,1530124379142668069,True,[]
152,car01-frame000152.png,1530124379341810266,True,[]
153,car01-frame000153.png,1530124379541919033,True,[]
154,car01-frame000154.png,1530124379741678577,True,[]
155,car01-frame000155.png,1530124379941636837,True,[]
156,car01-frame000156.png,1530124380141718842,True,[]
157,car01-frame000157.png,1530124380341835250,True,[]
158,car01-frame000158.png,1530124380541835203,True,[]
159,car01-frame000159.png,1530124380742370327,True,[]
160,car01-frame000160.png,1530124380941820834,True,[]
161,car01-frame000161.png,1530124381141989664,True,[]
162,car01-frame000162.png,1530124381341898137,True,[]
163,car01-frame000163.png,1530124381541791515,True,[]
164,car01-frame000164.png,1530124381741698396,True,[]
165,car01-frame000165.png,1530124381942136053,True,[]
166,car01-frame000166.png,1530124382141856867,True,[]
167,car01-frame000167.png,1530124382342119472,True,[]
168,car01-frame000168.png,1530124382542327419,True,[]
169,car01-frame000169.png,1530124382741815260,True,[]
170,car01-frame000170.png,1530124382941832821,True,[]
171,car01-frame000171.png,1530124383142303556,True,[]
172,car01-frame000172.png,1530124383342128617,True,[]
173,car01-frame000173.png,1530124383543053092,True,[]
174,car01-frame000174.png,1530124383742129550,True,[]
175,car01-frame000175.png,1530124383941822299,True,[]
176,car01-frame000176.png,1530124384141943189,True,[]
177,car01-frame000177.png,1530124384342282959,True,[]
178,car01-frame000178.png,1530124384541892848,True,[]
179,car01-frame000179.png,1530124384741975360,True,[]
180,car01-frame000180.png,1530124384941676139,True,[]
181,car01-frame000181.png,1530124385144250616,True,[]
182,car01-frame000182.png,1530124385342156518,False,"[[ 0.07639792  0.01039145  0.99702326  0.82890871]
 [-0.99707102  0.00437637  0.07635597  0.97614448]
 [-0.00356989 -0.99993643  0.01069536  0.20206588]
 [ 0.          0.          0.          1.        ]]"
183,car01-frame000183.png,1530124385541766904,True,[]
184,car01-frame000184.png,1530124385741918329,True,[]
185,car01-frame000185.png,1530124385941765627,True,[]
186,car01-frame000186.png,1530124386142003201,True,[]
187,car01-frame000187.png,1530124386342122162,True,[]
188,car01-frame000188.png,1530124386541477689,True,[]
189,car01-frame000189.png,1530124386741604559,True,[]
190,car01-frame000190.png,1530124386942214485,True,[]
191,car01-frame000191.png,1530124387141914904,True,[]
192,car01-frame000192.png,1530124387341734279,True,[]
193,car01-frame000193.png,1530124387541809281,True,[]
194,car01-frame000194.png,1530124387741476467,True,[]
195,car01-frame000195.png,1530124387941581563,True,[]
196,car01-frame000196.png,1530124388141415681,True,[]
197,car01-frame000197.png,1530124388341435911,True,[]
198,car01-frame000198.png,1530124388541521570,True,[]
199,car01-frame000199.png,1530124388741346543,True,[]
200,car01-frame000200.png,1530124388941354101,True,[]
201,car01-frame000201.png,1530124389142294587,True,[]
202,car01-frame000202.png,1530124389342146415,True,[]
203,car01-frame000203.png,1530124389542055330,True,[]
204,car01-frame000204.png,1530124389741995868,True,[]
205,car01-frame000205.png,1530124389942253197,True,[]
206,car01-frame000206.png,1530124390141897123,True,[]
207,car01-frame000207.png,1530124390341667952,True,[]
208,car01-frame000208.png,1530124390541473692,True,[]
209,car01-frame000209.png,1530124390741865956,True,[]
210,car01-frame000210.png,1530124390942002291,True,[]
211,car01-frame000211.png,1530124391142379575,False,"[[ -5.59926552e-01   1.95258520e-02   8.28312138e-01   2.75463931e+00]
 [ -8.28541497e-01  -1.45415395e-02  -5.59738807e-01   4.44284741e-01]
 [  1.11555656e-03  -9.99703598e-01   2.43201727e-02   1.85391735e-01]
 [  0.00000000e+00   0.00000000e+00   0.00000000e+00   1.00000000e+00]]"
212,car01-frame000212.png,1530124391341910922,False,"[[-0.56376814 -0.04426563  0.82474604  2.80748621]
 [-0.82551433  0.06199415 -0.56096597  0.39951433]
 [-0.02629792 -0.99709442 -0.07149224  0.1870543 ]
 [ 0.          0.          0.          1.        ]]"
213,car01-frame000213.png,1530124391542244506,True,[]
214,car01-frame000214.png,1530124391741387155,True,[]
215,car01-frame000215.png,1530124391941951023,False,"[[ -6.25565365e-01   5.04900689e-03   7.80155421e-01   2.97205828e+00]
 [ -7.80152910e-01   2.90271436e-03  -6.25582138e-01   2.54367527e-01]
 [ -5.42313687e-03  -9.99983041e-01   2.12315985e-03   1.81954025e-01]
 [  0.00000000e+00   0.00000000e+00   0.00000000e+00   1.00000000e+00]]"
216,car01-frame000216.png,1530124392142164741,False,"[[ -6.31684652e-01   2.16037733e-03   7.75222441e-01   3.02689907e+00]
 [ -7.75208985e-01   4.75751416e-03  -6.31686945e-01   2.07863398e-01]
 [ -5.05281390e-03  -9.99986349e-01  -1.33050476e-03   1.81268873e-01]
 [  0.00000000e+00   0.00000000e+00   0.00000000e+00   1.00000000e+00]]"
217,car01-frame000217.png,1530124392345515535,True,[]
218,car01-frame000218.png,1530124392542026316,False,"[[ -6.58174320e-01   4.11238731e-03   7.52854337e-01   3.13131699e+00]
 [ -7.52863879e-01  -1.47656818e-03  -6.58174597e-01   1.07476616e-01]
 [ -1.59502810e-03  -9.99990454e-01   4.06790712e-03   1.79343424e-01]
 [  0.00000000e+00   0.00000000e+00   0.00000000e+00   1.00000000e+00]]"
219,car01-frame000219.png,1530124392741848809,True,[]
220,car01-frame000220.png,1530124392942347091,False,"[[ -7.10475950e-01   6.44893859e-03   7.03691932e-01   3.22254770e+00]
 [ -7.03715767e-01  -2.48064558e-03  -7.10477281e-01  -5.34705502e-03]
 [ -2.83621407e-03  -9.99976129e-01   6.30065879e-03   1.78050446e-01]
 [  0.00000000e+00   0.00000000e+00   0.00000000e+00   1.00000000e+00]]"
221,car01-frame000221.png,1530124393141776492,False,"[[-0.7341206   0.01328924  0.67888905  3.26437135]
 [-0.67898577 -0.00446036 -0.73413788 -0.06170297]
 [-0.00672804 -0.99990175  0.01229765  0.17831107]
 [ 0.          0.          0.          1.        ]]"
222,car01-frame000222.png,1530124393341733716,False,"[[ -7.65140961e-01   1.70260076e-03   6.43860552e-01   3.30154870e+00]
 [ -6.43861750e-01  -3.83217492e-03  -7.65132251e-01  -1.22751947e-01]
 [  1.16467151e-03  -9.99991208e-01   4.02839350e-03   1.77282174e-01]
 [  0.00000000e+00   0.00000000e+00   0.00000000e+00   1.00000000e+00]]"
223,car01-frame000223.png,1530124393541848854,False,"[[ -8.03287750e-01   9.93317872e-03   5.95508289e-01   3.33277978e+00]
 [ -5.95591023e-01  -1.28053546e-02  -8.03185755e-01  -1.86345947e-01]
 [ -3.52492827e-04  -9.99868669e-01   1.62024966e-02   1.77082109e-01]
 [  0.00000000e+00   0.00000000e+00   0.00000000e+00   1.00000000e+00]]"
224,car01-frame000224.png,1530124393741948153,False,"[[-0.82587505  0.01602066  0.56362552  3.35950454]
 [-0.56379691 -0.00934327 -0.82586061 -0.24370553]
 [-0.00796472 -0.99982801  0.01674878  0.17767973]
 [ 0.          0.          0.          1.        ]]"
225,car01-frame000225.png,1530124393942416210,False,"[[ -8.35905205e-01   7.05602425e-03   5.48828480e-01   3.38542428e+00]
 [ -5.48866768e-01  -5.67132825e-03  -8.35890607e-01  -2.92723732e-01]
 [ -2.78547793e-03  -9.99959023e-01   8.61351003e-03   1.76613084e-01]
 [  0.00000000e+00   0.00000000e+00   0.00000000e+00   1.00000000e+00]]"
226,car01-frame000226.png,1530124394142020131,False,"[[ -8.53380666e-01   5.34048235e-04   5.21287976e-01   3.40793176e+00]
 [ -5.21287614e-01  -2.43601653e-03  -8.53377577e-01  -3.44163076e-01]
 [  8.14121339e-04  -9.99996890e-01   2.35724214e-03   1.75120252e-01]
 [  0.00000000e+00   0.00000000e+00   0.00000000e+00   1.00000000e+00]]"
227,car01-frame000227.png,1530124394342100957,True,[]
228,car01-frame000228.png,1530124394542049265,True,[]
229,car01-frame000229.png,1530124394742255198,True,[]
230,car01-frame000230.png,1530124394941469312,True,[]
231,car01-frame000231.png,1530124395141693621,True,[]
232,car01-frame000232.png,1530124395341510095,True,[]
233,car01-frame000233.png,1530124395542007485,True,[]
234,car01-frame000234.png,1530124395742000456,True,[]
235,car01-frame000235.png,1530124395941831295,True,[]
236,car01-frame000236.png,1530124396141696647,True,[]
237,car01-frame000237.png,1530124396342364930,True,[]
238,car01-frame000238.png,1530124396541860016,True,[]
239,car01-frame000239.png,1530124396741789101,True,[]
240,car01-frame000240.png,1530124396941848133,False,"[[ -9.78850289e-01   5.13275760e-04   2.04577245e-01   3.56693903e+00]
 [ -2.04231953e-01   5.56779521e-02  -9.77337851e-01  -1.05663827e+00]
 [ -1.18920859e-02  -9.98448648e-01  -5.43955522e-02   1.72822085e-01]
 [  0.00000000e+00   0.00000000e+00   0.00000000e+00   1.00000000e+00]]"
241,car01-frame000241.png,1530124397141661107,True,[]
242,car01-frame000242.png,1530124397341916616,False,"[[ -9.89474261e-01   4.05460866e-03   1.44652160e-01   3.57299188e+00]
 [ -1.44640422e-01   3.05410589e-03  -9.89479571e-01  -1.16165673e+00]
 [ -4.45373545e-03  -9.99987116e-01  -2.43549886e-03   1.72446908e-01]
 [  0.00000000e+00   0.00000000e+00   0.00000000e+00   1.00000000e+00]]"
243,car01-frame000243.png,1530124397541470892,True,[]
244,car01-frame000244.png,1530124397741970848,False,"[[-0.99222968  0.00961495  0.12404762  3.57171868]
 [-0.12332945  0.05569128 -0.99080186 -1.26936387]
 [-0.01643488 -0.99840174 -0.05407273  0.17239938]
 [ 0.          0.          0.          1.        ]]"
245,car01-frame000245.png,1530124397942438508,False,"[[-0.99504539  0.00684534  0.09918575  3.57042224]
 [-0.09904926  0.0180152  -0.99491944 -1.32618898]
 [-0.00859742 -0.99981428 -0.01724791  0.17306288]
 [ 0.          0.          0.          1.        ]]"
246,car01-frame000246.png,1530124398141564760,False,"[[-0.99944638 -0.00431138  0.03299021  3.56450601]
 [-0.03291443 -0.01660067 -0.9993203  -1.38783131]
 [ 0.0048561  -0.9998529   0.01644957  0.17294813]
 [ 0.          0.          0.          1.        ]]"
247,car01-frame000247.png,1530124398341702558,False,"[[-0.99980479 -0.00480319  0.01916551  3.56210013]
 [-0.01904126 -0.02470095 -0.99951353 -1.44259769]
 [ 0.00527426 -0.99968335  0.02460467  0.1731657 ]
 [ 0.          0.          0.          1.        ]]"
248,car01-frame000248.png,1530124398542148204,False,"[[ -9.99837858e-01   1.89422688e-04   1.80061713e-02   3.56273140e+00]
 [ -1.80062554e-02  -2.05819456e-02  -9.99626009e-01  -1.49658661e+00]
 [  1.81250193e-04  -9.99788151e-01   2.05820192e-02   1.73891453e-01]
 [  0.00000000e+00   0.00000000e+00   0.00000000e+00   1.00000000e+00]]"
249,car01-frame000249.png,1530124398742151329,False,"[[ -9.99769671e-01   8.53159145e-04   2.14447374e-02   3.56336261e+00]
 [ -2.14510595e-02  -8.26071974e-03  -9.99735771e-01  -1.54789039e+00]
 [ -6.75784751e-04  -9.99965516e-01   8.27711822e-03   1.73324110e-01]
 [  0.00000000e+00   0.00000000e+00   0.00000000e+00   1.00000000e+00]]"
250,car01-frame000250.png,1530124398941702631,False,"[[-0.9997443  -0.00543386  0.02195006  3.56434978]
 [-0.0217276  -0.03807808 -0.99903852 -1.60011754]
 [ 0.00626446 -0.99925999  0.03795028  0.17405795]
 [ 0.          0.          0.          1.        ]]"
251,car01-frame000251.png,1530124399141900138,False,"[[-0.99957181 -0.00461427  0.02889472  3.56704286]
 [-0.02891544  0.00448912 -0.99957178 -1.65355355]
 [ 0.00448259 -0.99997928 -0.00462062  0.17415685]
 [ 0.          0.          0.          1.        ]]"
252,car01-frame000252.png,1530124399341368681,False,"[[ -9.99394478e-01  -1.87552069e-03   3.47441925e-02   3.56998594e+00]
 [ -3.46893701e-02  -2.39594718e-02  -9.99110900e-01  -1.70022557e+00]
 [  2.70630567e-03  -9.99711171e-01   2.38799032e-02   1.75354571e-01]
 [  0.00000000e+00   0.00000000e+00   0.00000000e+00   1.00000000e+00]]"
253,car01-frame000253.png,1530124399541720199,False,"[[ -9.99268869e-01  -1.19368911e-03   3.82139074e-02   3.57135812e+00]
 [ -3.82036951e-02  -7.64749765e-03  -9.99240708e-01  -1.74544909e+00]
 [  1.48502352e-03  -9.99970045e-01   7.59630300e-03   1.75950847e-01]
 [  0.00000000e+00   0.00000000e+00   0.00000000e+00   1.00000000e+00]]"
254,car01-frame000254.png,1530124399741850709,False,"[[ -9.99227811e-01   5.33043807e-04   3.92873627e-02   3.57249145e+00]
 [ -3.92901336e-02  -6.99760074e-03  -9.99203342e-01  -1.78795584e+00]
 [ -2.57701875e-04  -9.99975374e-01   7.01314063e-03   1.75958732e-01]
 [  0.00000000e+00   0.00000000e+00   0.00000000e+00   1.00000000e+00]]"
255,car01-frame000255.png,1530124399941753245,False,"[[-0.99948978 -0.00573137  0.03142175  3.57040503]
 [-0.03136684 -0.00943122 -0.99946344 -1.83037946]
 [ 0.00602464 -0.9999391   0.00924663  0.17566701]
 [ 0.          0.          0.          1.        ]]"
256,car01-frame000256.png,1530124400141910671,False,"[[ -9.99811859e-01   5.48747664e-05   1.93970224e-02   3.56995383e+00]
 [ -1.93963369e-02  -1.16987712e-02  -9.99743428e-01  -1.87768796e+00]
 [  1.72060640e-04  -9.99931566e-01   1.16976345e-02   1.76727931e-01]
 [  0.00000000e+00   0.00000000e+00   0.00000000e+00   1.00000000e+00]]"
257,car01-frame000257.png,1530124400341593064,False,"[[-0.99983498 -0.00548668  0.0173177   3.56828204]
 [-0.01728947 -0.00515172 -0.99983725 -1.92545431]
 [ 0.005575   -0.99997168  0.00505601  0.17587304]
 [ 0.          0.          0.          1.        ]]"
258,car01-frame000258.png,1530124400541865730,False,"[[ -9.99941089e-01  -4.24122439e-03   9.99150039e-03   3.56789934e+00]
 [ -9.97999020e-03  -2.72642712e-03  -9.99946482e-01  -1.97777025e+00]
 [  4.26823850e-03  -9.99987289e-01   2.68393912e-03   1.76424398e-01]
 [  0.00000000e+00   0.00000000e+00   0.00000000e+00   1.00000000e+00]]"
259,car01-frame000259.png,1530124400741735206,False,"[[ -9.99993535e-01  -3.50408875e-03   8.06708830e-04   3.56714192e+00]
 [ -7.25622236e-04  -2.30805149e-02  -9.99733346e-01  -2.03652125e+00]
 [  3.52177362e-03  -9.99727468e-01   2.30778230e-02   1.77784415e-01]
 [  0.00000000e+00   0.00000000e+00   0.00000000e+00   1.00000000e+00]]"
260,car01-frame000260.png,1530124400941342728,False,"[[ -9.99971854e-01  -2.45748922e-03  -7.08893162e-03   3.56373448e+00]
 [  7.13265213e-03  -1.82635537e-02  -9.99807765e-01  -2.09314476e+00]
 [  2.32754772e-03  -9.99830187e-01   1.82805680e-02   1.76903548e-01]
 [  0.00000000e+00   0.00000000e+00   0.00000000e+00   1.00000000e+00]]"
261,car01-frame000261.png,1530124401141855445,False,"[[-0.99997001 -0.00460833 -0.00622443  3.56094238]
 [ 0.00633963 -0.02542101 -0.99965673 -2.15723388]
 [ 0.00444851 -0.99966621  0.02544946  0.17747496]
 [ 0.          0.          0.          1.        ]]"
262,car01-frame000262.png,1530124401341724878,False,"[[-0.99988172 -0.00680168 -0.01379454  3.55807779]
 [ 0.01394144 -0.02204516 -0.99965977 -2.22382314]
 [ 0.00649527 -0.99973384  0.02213738  0.1775843 ]
 [ 0.          0.          0.          1.        ]]"
263,car01-frame000263.png,1530124401541989580,False,"[[-0.99973502 -0.00873473 -0.02129774  3.55453264]
 [ 0.02149375 -0.02299632 -0.99950447 -2.29305223]
 [ 0.00824063 -0.99969739  0.02317797  0.17737024]
 [ 0.          0.          0.          1.        ]]"
264,car01-frame000264.png,1530124401741502646,False,"[[-0.99946936 -0.01024784 -0.03091904  3.55061068]
 [ 0.03122246 -0.03090511 -0.99903455 -2.36311972]
 [ 0.0092824  -0.99946979  0.03120867  0.17758152]
 [ 0.          0.          0.          1.        ]]"
265,car01-frame000265.png,1530124401941384316,False,"[[ -9.99979457e-01  -6.33938941e-03  -9.47631237e-04   3.55575001e+00]
 [  1.10600782e-03  -2.50262660e-02  -9.99686182e-01  -2.43191521e+00]
 [  6.31368433e-03  -9.99666694e-01   2.50327633e-02   1.79290826e-01]
 [  0.00000000e+00   0.00000000e+00   0.00000000e+00   1.00000000e+00]]"
266,car01-frame000266.png,1530124402142100697,False,"[[ -9.99398041e-01  -2.79654132e-03   3.45794043e-02   3.56745792e+00]
 [ -3.44965215e-02  -2.56369993e-02  -9.99075940e-01  -2.50174089e+00]
 [  3.68046932e-03  -9.99667407e-01   2.55250959e-02   1.80039649e-01]
 [  0.00000000e+00   0.00000000e+00   0.00000000e+00   1.00000000e+00]]"
267,car01-frame000267.png,1530124402342129008,False,"[[ -9.99669928e-01   6.17296514e-04   2.56837111e-02   3.56892182e+00]
 [ -2.56894998e-02  -3.52740250e-02  -9.99047443e-01  -2.57645860e+00]
 [  2.89259362e-04  -9.99377487e-01   3.52782401e-02   1.81716094e-01]
 [  0.00000000e+00   0.00000000e+00   0.00000000e+00   1.00000000e+00]]"
268,car01-frame000268.png,1530124402541743767,False,"[[-0.99900982 -0.01269691  0.04263992  3.57172386]
 [-0.04228472 -0.02704002 -0.99873963 -2.65164219]
 [ 0.01383389 -0.99955371  0.02647636  0.18034866]
 [ 0.          0.          0.          1.        ]]"
269,car01-frame000269.png,1530124402741739066,False,"[[-0.99960212  0.00449329  0.02784628  3.57433599]
 [-0.02792431 -0.01835221 -0.99944156 -2.72666413]
 [-0.00397974 -0.99982149  0.01847038  0.17955943]
 [ 0.          0.          0.          1.        ]]"
270,car01-frame000270.png,1530124402941445910,False,"[[ -9.99474934e-01   1.56504392e-03   3.23636689e-02   3.57868131e+00]
 [ -3.23908378e-02  -2.26528621e-02  -9.99218535e-01  -2.80441012e+00]
 [ -8.30691160e-04  -9.99742166e-01   2.26916610e-02   1.80088459e-01]
 [  0.00000000e+00   0.00000000e+00   0.00000000e+00   1.00000000e+00]]"
271,car01-frame000271.png,1530124403141622412,False,"[[ -9.99657145e-01  -3.45401752e-03   2.59549928e-02   3.58047255e+00]
 [ -2.59857565e-02   9.18158268e-03  -9.99620147e-01  -2.88556508e+00]
 [  3.21439759e-03  -9.99951883e-01  -9.26818999e-03   1.77832467e-01]
 [  0.00000000e+00   0.00000000e+00   0.00000000e+00   1.00000000e+00]]"
272,car01-frame000272.png,1530124403341240265,False,"[[-0.99950504 -0.00498973  0.03106085  3.5838631 ]
 [-0.03110655  0.00935805 -0.99947227 -2.96212071]
 [ 0.00469642 -0.99994376 -0.00950863  0.17711473]
 [ 0.          0.          0.          1.        ]]"
273,car01-frame000273.png,1530124403541662826,False,"[[-0.99944697 -0.01036     0.03159773  3.58762803]
 [-0.03155771 -0.00400381 -0.99949391 -3.03338566]
 [ 0.01048127 -0.99993832  0.00367466  0.17633979]
 [ 0.          0.          0.          1.        ]]"
274,car01-frame000274.png,1530124403741169025,False,"[[-0.99940491 -0.01037834  0.03289557  3.58973296]
 [-0.03322169  0.03299474 -0.99890323 -3.10143071]
 [ 0.00928158 -0.99940164 -0.03331989  0.17607958]
 [ 0.          0.          0.          1.        ]]"
275,car01-frame000275.png,1530124403941308231,False,"[[ -9.98717682e-01  -6.91455375e-03   5.01515833e-02   3.59458194e+00]
 [ -5.05451395e-02   8.02191459e-02  -9.95494891e-01  -3.16636578e+00]
 [  2.86028576e-03  -9.96753268e-01  -8.04657765e-02   1.76445393e-01]
 [  0.00000000e+00   0.00000000e+00   0.00000000e+00   1.00000000e+00]]"
276,car01-frame000276.png,1530124404141406326,False,"[[-0.99866253 -0.00888442  0.0509335   3.60159118]
 [-0.05082543 -0.01199345 -0.99863554 -3.22243344]
 [ 0.00948316 -0.99988861  0.01152585  0.17640864]
 [ 0.          0.          0.          1.        ]]"
277,car01-frame000277.png,1530124404341139175,False,"[[ -9.98640773e-01  -9.22237882e-03   5.12986761e-02   3.60631674e+00]
 [ -5.12868489e-02  -1.51455935e-03  -9.98682815e-01  -3.28015422e+00]
 [  9.28792613e-03  -9.99956326e-01   1.03951397e-03   1.76707846e-01]
 [  0.00000000e+00   0.00000000e+00   0.00000000e+00   1.00000000e+00]]"
278,car01-frame000278.png,1530124404541120320,False,"[[-0.99813822 -0.01052879  0.060077    3.61143925]
 [-0.05992809 -0.01393003 -0.99810549 -3.33287886]
 [ 0.01134572 -0.99984754  0.01327313  0.17905617]
 [ 0.          0.          0.          1.        ]]"
279,car01-frame000279.png,1530124404741397102,False,"[[-0.99848547 -0.01187267  0.05371962  3.61316276]
 [-0.0537965   0.00625346 -0.99853234 -3.38502047]
 [ 0.01151931 -0.99990996 -0.0068827   0.17753459]
 [ 0.          0.          0.          1.        ]]"
280,car01-frame000280.png,1530124404941022930,False,"[[ -9.98783441e-01  -4.57209532e-03   4.90992354e-02   3.61309228e+00]
 [ -4.92669484e-02   5.01343044e-02  -9.97526601e-01  -3.43853098e+00]
 [  2.09923069e-03  -9.98732020e-01  -5.02985662e-02   1.76865283e-01]
 [  0.00000000e+00   0.00000000e+00   0.00000000e+00   1.00000000e+00]]"
281,car01-frame000281.png,1530124405141298249,False,"[[-0.99938638 -0.00736103  0.03424434  3.61460637]
 [-0.03419597 -0.00659988 -0.99939335 -3.4862768 ]
 [ 0.00758258 -0.99995113  0.00634411  0.17818402]
 [ 0.          0.          0.          1.        ]]"
282,car01-frame000282.png,1530124405341084068,False,"[[ -9.99543694e-01  -8.35574338e-03   2.90273185e-02   3.61531615e+00]
 [ -2.90464193e-02   2.17372393e-03  -9.99575700e-01  -3.53831642e+00]
 [  8.28910067e-03  -9.99962728e-01  -2.41543648e-03   1.78146469e-01]
 [  0.00000000e+00   0.00000000e+00   0.00000000e+00   1.00000000e+00]]"
283,car01-frame000283.png,1530124405541600672,False,"[[ -9.99318212e-01  -1.31906904e-03   3.68967546e-02   3.61922316e+00]
 [ -3.68193979e-02  -3.82381652e-02  -9.98590093e-01  -3.58847309e+00]
 [  2.72807347e-03  -9.99267783e-01   3.81635276e-02   1.79745842e-01]
 [  0.00000000e+00   0.00000000e+00   0.00000000e+00   1.00000000e+00]]"
284,car01-frame000284.png,1530124405740955962,False,"[[-0.99976406 -0.0098089   0.01938055  3.61834068]
 [-0.01927088 -0.01115522 -0.99975207 -3.64602998]
 [ 0.01002266 -0.99988967  0.01096356  0.17827772]
 [ 0.          0.          0.          1.        ]]"
285,car01-frame000285.png,1530124405941049285,False,"[[-0.99974945 -0.01068479  0.01966929  3.61950997]
 [-0.01955279 -0.0109007  -0.9997494  -3.69693173]
 [ 0.01089652 -0.9998835   0.01068905  0.17990098]
 [ 0.          0.          0.          1.        ]]"
286,car01-frame000286.png,1530124406141051477,False,"[[-0.99984075 -0.00834196  0.01577634  3.61928206]
 [-0.01567098 -0.01254767 -0.99979847 -3.75352938]
 [ 0.00853824 -0.99988648  0.01241495  0.18107544]
